#  174.078  -0.074   0.755 ;Mean Elev.(m), Avg Gradient(m/km), RMS Gradient(m/km) - SRTM1     
#  178.869   0.097   0.929 ;Mean Elev.(m), Avg Gradient(m/km), RMS Gradient(m/km) - ASTER GDEM
#  174.299  -1.973  49.186 ;Mean Elev.(m), Avg Gradient(m/km), RMS Gradient(m/km) - GMTED2010 
   1  71.051985  32.043100   175.864   175.853  4 54667.53871039 38.576
   2  71.052129  32.041891   175.715   175.709  3 54677.45435491 50.703
   8  71.047444  32.038273   175.402   175.402  2 54736.94823077 50.649
   9  71.047782  32.035175   174.695   174.606  3 54746.86387847 52.044
  10  71.046889  32.037557   173.605   173.605  2 54756.77952445 46.258
  11  71.047611  32.038553   173.535   173.535  2 54766.69516900 44.877
  12  71.048461  32.038090   174.832   174.832  2 54776.61081072 48.093
  13  71.047801  32.039081   174.516   174.516  2 54786.52644971 47.533
  14  71.049082  32.038066   174.365   174.365  2 54796.44208835 48.977
  15  71.050890  32.041233   173.915   173.888  3 54806.35772609 44.066
  18  71.051336  32.041527   172.675   172.219  3 54836.10465175 42.470
  19  71.048611  32.038932   173.298   173.203  3 54846.02030190 42.933
  20  71.047348  32.037540   173.648   173.648  2 54855.93595107 44.992
  21  71.047074  32.038418   173.839   173.839  2 54865.85159966 42.544
  22  71.047886  32.037824   174.181   174.181  2 54875.76724804 47.130
  23  71.047488  32.039141   174.213   174.213  2 54885.68289307 48.439
  24  71.047690  32.035588   174.405   174.347  3 54895.59853567 50.377
  25  71.047657  32.031500   174.244   174.272  5 54905.51417585 49.929
  26  71.047783  32.031024   174.203   174.202  6 54915.42981441 45.659
  27  71.047387  32.035544   174.171   174.154  3 54925.34545181 48.480
  28  71.049250  32.038965   174.908   174.908  2 54935.26108899 30.010
  29  71.051521  32.042343   175.481   175.385  3 54945.17672428 48.896
  31  71.051671  32.042422   175.918   175.795  4 54965.00800455 51.787
  32  71.050597  32.039293   176.220   176.233  3 54974.92365304 46.467
  33  71.050075  32.039810   176.256   176.250  3 54984.83930031 49.440
  35  71.051502  32.041149   175.876   175.872  4 55004.67059337 47.217
  36  71.050711  32.040539   175.876   175.876  2 55014.58623720 42.053
  37  71.049823  32.039462   175.662   175.662  2 55024.50187984 43.850
  38  71.049519  32.039657   176.019   176.019  2 55034.41752192 48.552
  39  71.051073  32.040588   176.317   176.385  3 55044.33316344 47.482
  42  71.052481  32.041855   175.989   175.967  4 55074.08008763 46.941
  43  71.048888  32.039213   175.882   175.852  3 55083.99573587 51.250
  44  71.046936  32.037529   175.818   175.818  2 55093.91138229 51.632
  45  71.046623  32.037519   175.217   175.217  2 55103.82702824 47.947
  46  71.047929  32.036774   175.141   175.141  2 55113.74267420 49.379
  47  71.048269  32.038216   174.287   174.288  3 55123.65831717 48.045
  48  71.048704  32.038605   174.308   174.440  3 55133.57395756 46.869
  49  71.048214  32.039446   174.429   174.429  2 55143.48959586 42.119
  50  71.048984  32.039087   174.388   174.388  2 55153.40523420 45.793
  51  71.050946  32.039663   174.178   174.223  3 55163.32087302 47.236
  52  71.052438  32.043771   174.328   174.252  4 55173.23651088 47.041
  54  71.051457  32.046062   173.067   173.067  2 55193.06779974 44.002
  55  71.050519  32.040206   172.479   172.447  3 55202.98345100 45.739
  56  71.048717  32.038964   173.412   173.321  3 55212.89910042 44.179
  57  71.048500  32.038281   173.850   173.853  3 55222.81474927 44.701
  58  71.047949  32.038547   174.103   174.051  3 55232.73039643 43.821
  59  71.048405  32.037475   174.230   174.230  2 55242.64604074 30.513
  60  71.047824  32.035512   174.204   174.179  3 55252.56168186 32.661
  61  71.047884  32.032234   174.341   174.340  6 55262.47732134 44.608
  62  71.047675  32.034064   174.152   174.155  5 55272.39295906 44.741
  63  71.048513  32.037813   174.427   174.427  2 55282.30859641 47.762
  64  71.051013  32.039820   174.327   174.300  3 55292.22423311 47.230
  65  71.052336  32.042820   174.861   174.845  4 55302.13986805 46.113
  66  71.050451  32.041397   175.165   175.151  3 55312.05551623 48.513
  67  71.049465  32.039695   175.084   175.117  3 55321.97116197 48.362
  68  71.049179  32.038956   175.326   175.223  3 55331.88680612 51.523
  69  71.049411  32.039419   175.488   175.488  2 55341.80244994 51.288
  70  71.050182  32.040420   176.074   176.074  2 55351.71809342 47.166
  71  71.051664  32.040385   176.037   176.049  3 55361.63373499 51.302
  72  71.051558  32.041864   176.521   176.505  4 55371.54937411 49.345
  73  71.051993  32.042961   176.698   176.692  4 55381.46501209 45.776
  77  71.051496  32.042581   177.240   177.261  4 55421.12758592 32.817
  78  71.049590  32.039196   176.610   176.610  2 55431.04323346 40.094
  79  71.048008  32.037228   176.412   176.412  2 55440.95887823 44.028
  80  71.047230  32.038144   175.461   175.461  2 55450.87452080 47.857
  81  71.048735  32.038459   175.260   175.260  2 55460.79016296 49.982
  82  71.049830  32.039726   174.824   174.824  2 55470.70580367 49.708
  83  71.050682  32.040678   175.004   175.009  3 55480.62144143 44.167
  84  71.051498  32.041363   175.128   175.015  4 55490.53707685 49.268
  85  71.052618  32.043540   174.574   174.588  4 55500.45271015 41.964
  87  71.052672  32.041729   174.913   174.714  4 55520.28400294 50.607
  88  71.051407  32.042016   174.572   174.508  3 55530.19965194 49.523
  89  71.050511  32.041319   174.345   174.381  3 55540.11529945 45.780
  90  71.049991  32.040247   174.553   174.391  3 55550.03094479 49.687
  91  71.049811  32.038855   173.339   173.249  3 55559.94658839 49.232
  92  71.049717  32.040334   173.568   173.381  3 55569.86223043 41.320
  93  71.051095  32.040511   173.470   173.519  3 55579.77787173 46.651
  94  71.051433  32.041923   174.054   173.964  3 55589.69350998 46.426
  95  71.052588  32.041683   174.554   174.533  4 55599.60914554 38.554
  96  71.052248  32.043912   174.622   174.630  4 55609.52477828 41.168
  99  71.052558  32.042900   174.291   174.299  3 55639.27171168 28.026
 100  71.051531  32.042204   174.638   174.613  4 55649.18736091 50.137
 101  71.050035  32.040058   174.524   174.379  3 55659.10300713 48.987
 102  71.048719  32.038774   173.928   173.940  3 55669.01864926 48.477
 103  71.049503  32.038640   174.851   174.851  2 55678.93428883 35.429
 104  71.051501  32.041571   175.666   175.537  3 55688.84992574 48.851
 108  71.051541  32.042760   176.378   176.400  4 55728.51249644 48.250
 109  71.051204  32.041235   176.616   176.621  3 55738.42814345 45.856
 110  71.050830  32.041823   176.782   176.744  3 55748.34378894 50.002
 111  71.051683  32.040909   176.089   176.141  3 55758.25943269 33.668
 112  71.051398  32.041654   176.306   176.327  3 55768.17507326 46.445
 113  71.051309  32.041096   176.576   176.581  4 55778.09071099 15.400
 114  71.051370  32.041654   176.379   176.457  4 55788.00634577 50.413
 120  71.053273  32.042035   174.848   174.775  4 55847.50019393 48.823
 128  71.052076  32.041918   173.219   173.274  4 55926.82534765 45.985
 129  71.051507  32.041133   173.152   173.150  3 55936.74099755 43.837
 130  71.050761  32.039530   173.614   173.651  3 55946.65664271 47.755
 131  71.048952  32.039784   174.020   173.894  3 55956.57228290 47.203
 132  71.049197  32.038272   174.809   174.809  2 55966.48792130 48.769
 133  71.049975  32.039931   174.801   174.801  2 55976.40355838 46.445
 134  71.052228  32.043368   174.447   174.418  4 55986.31919463 46.818
 137  71.051224  32.040687   173.581   173.522  3 56016.06613240 47.213
 138  71.048557  32.038971   174.522   174.526  3 56025.98177736 46.095
 139  71.047890  32.039210   174.495   174.495  2 56035.89742010 45.725
 140  71.050922  32.039842   175.041   175.132  3 56045.81306092 49.384
 144  71.051952  32.041863   175.784   175.861  3 56085.47562694 45.712
 145  71.051443  32.039596   175.777   175.760  3 56095.39127433 49.811
 146  71.051173  32.041111   176.474   176.512  3 56105.30691901 47.392
 147  71.051626  32.041879   176.541   176.556  3 56115.22254948 37.163
 148  71.052505  32.042258   176.510   176.519  3 56125.13818784 50.613
 149  71.052708  32.043434   176.644   176.575  3 56135.05382195 52.030
 150  71.052402  32.041895   176.389   176.436  4 56144.96946344 51.587
 151  71.051410  32.039621   175.972   175.979  3 56154.88511350 51.015
 152  71.051344  32.039532   225.516   225.593  3 56164.80076201 19.744
 153  71.051765  32.040575   226.120   226.279  3 56174.71640816 26.825
 154  71.052134  32.042246   176.071   176.066  3 56184.63204906 48.355
 155  71.051872  32.042628   175.371   175.296  4 56194.54768644 50.343
 156  71.052399  32.041718   174.882   174.850  4 56204.46332149 50.570
 161  71.052247  32.043178   174.746   174.736  4 56254.04154660 47.688
 162  71.051321  32.041638   174.758   174.615  3 56263.95718968 51.909
 163  71.051633  32.040844   174.104   174.135  3 56273.87283074 47.652
 164  71.051594  32.041854   174.170   174.094  4 56283.78847422 50.708
 165  71.050294  32.041466   173.136   173.058  3 56293.70412529 44.894
 166  71.049401  32.039236   174.245   174.242  3 56303.61977243 49.865
 167  71.047995  32.038512   174.359   174.359  2 56313.53541528 49.789
 168  71.047769  32.038509   174.676   174.676  2 56323.45105629 50.485
 169  71.049000  32.039589   175.051   175.051  2 56333.36669682 50.278
 170  71.051069  32.041008   174.930   174.927  3 56343.28233689 51.293
 171  71.051684  32.045569   175.606   175.606  2 56353.19797394 45.886
 172  71.052860  32.042972   175.001   174.854  3 56363.11361734 49.601
 173  71.050481  32.040500   174.733   174.732  3 56373.02926701 52.819
 175  71.048791  32.037978   174.803   174.803  2 56392.86055779 52.544
 176  71.050096  32.039925   174.955   174.956  3 56402.77619978 51.658
 177  71.052107  32.042256   175.442   175.469  3 56412.69183886 49.365
 180  71.051320  32.041291   176.042   176.028  4 56442.43876765 49.310
 181  71.049626  32.039106   176.150   176.150  2 56452.35441802 50.935
 182  71.048739  32.039039   176.463   176.391  3 56462.27006568 48.066
 183  71.048722  32.038546   176.157   176.157  2 56472.18571020 50.748
 184  71.048728  32.039075   176.329   176.329  2 56482.10135103 30.505
 185  71.049177  32.039983   176.362   176.367  3 56492.01698800 43.562
 186  71.051338  32.041262   175.915   175.924  3 56501.93262230 52.587
 191  71.050741  32.040217   174.979   174.979  2 56551.51084653 36.947
 192  71.050225  32.040056   175.085   175.085  2 56561.42648921 50.173
 193  71.050750  32.041410   174.997   175.060  3 56571.34213076 52.551
 194  71.052733  32.043124   174.842   174.822  4 56581.25777088 46.270
 197  71.052093  32.041742   174.404   174.324  3 56611.00470608 45.226
 198  71.051349  32.040342   174.467   174.333  3 56620.92035164 51.654
 199  71.050728  32.041862   174.322   174.356  3 56630.83599345 48.733
 200  71.052429  32.042705   174.087   174.134  3 56640.75163173 45.385
 201  71.051787  32.041975   174.182   174.138  4 56650.66727872 45.631
 202  71.049422  32.039802   173.990   173.990  2 56660.58292923 42.423
 203  71.047988  32.038204   173.355   173.322  3 56670.49857652 43.013
 204  71.047826  32.039009   173.573   173.573  2 56680.41422161 43.316
 205  71.049503  32.040015   174.561   174.442  3 56690.32986520 50.199
 206  71.051766  32.041068   174.557   174.408  3 56700.24550564 47.623
 207  71.052765  32.043362   174.725   174.608  3 56710.16114100 45.232
 208  71.051644  32.042537   174.677   174.704  4 56720.07678335 47.734
 210  71.048079  32.038827   174.393   174.393  2 56739.90808432 46.722
 211  71.049537  32.039087   174.174   174.174  2 56749.82372840 37.548
 212  71.051598  32.041897   174.801   174.752  4 56759.73936709 41.903
 214  71.052377  32.042260   175.426   175.207  4 56779.57064990 48.909
 215  71.048917  32.039309   175.644   175.644  2 56789.48630551 32.274
 216  71.048127  32.033967   175.796   175.736  5 56799.40195869 51.733
 217  71.048056  32.033605   175.449   175.469  5 56809.31760478 42.097
 218  71.047749  32.037237   175.781   175.781  2 56819.23324477 39.197
 219  71.048907  32.038795   176.431   176.390  3 56829.14888150 24.750
 221  71.052343  32.042356   176.050   176.119  3 56848.98014686 50.742
 222  71.050797  32.040317   175.976   175.976  2 56858.89580141 53.299
 223  71.050400  32.040297   176.026   176.026  2 56868.81145454 53.575
 224  71.050190  32.039815   176.242   176.130  3 56878.72710554 51.102
 225  71.048538  32.039396   175.938   175.938  2 56888.64275303 48.504
 226  71.047622  32.035934   175.760   175.763  4 56898.55839855 48.740
 227  71.048584  32.031365   175.206   175.115  5 56908.47404219 49.939
 228  71.047489  32.036510   174.435   174.435  2 56918.38968205 46.483
 229  71.050315  32.039595   174.911   174.911  2 56928.30532079 49.625
 232  71.052234  32.042827   174.385   174.385  3 56958.05224244 39.195
 233  71.049946  32.040083   174.355   174.285  3 56967.96789087 48.033
 234  71.049919  32.039642   174.199   174.199  2 56977.88353489 48.342
 235  71.051405  32.041679   174.004   173.960  3 56987.79917394 48.171
 238  71.050728  32.039912   173.447   173.275  3 57017.54610821 46.719
 239  71.047995  32.039235   172.584   172.584  2 57027.46175825 39.580
 240  71.048319  32.038255   173.194   173.194  2 57037.37740710 40.891
 241  71.049340  32.039966   173.478   173.433  3 57047.29305304 42.456
 242  71.051410  32.041084   173.605   173.633  4 57057.20869557 47.144
 243  71.052332  32.042212   174.047   174.111  3 57067.12433248 45.172
 244  71.052443  32.044098   174.576   174.604  3 57077.03996471 42.994
 246  71.051952  32.043073   174.049   174.018  4 57096.87125453 46.946
 247  71.051309  32.041649   173.870   173.808  4 57106.78691048 48.044
 248  71.051790  32.041232   175.017   175.013  3 57116.70256143 49.621
 249  71.051226  32.041186   174.358   174.365  4 57126.61820602 48.068
 250  71.050534  32.040587   174.672   174.668  3 57136.53384538 49.793
 251  71.050962  32.041517   175.551   175.553  3 57146.44948064 44.892
 254  71.051879  32.043351   176.031   176.015  4 57176.19641340 32.401
 255  71.050283  32.040273   176.302   176.302  2 57186.11206675 42.953
 256  71.048197  32.038933   176.381   176.381  2 57196.02771548 30.382
 257  71.047574  32.037320   175.983   175.983  2 57205.94335049 52.085
 258  71.047923  32.038286   176.554   176.554  2 57215.85899515 48.116
 259  71.050184  32.039437   176.547   176.547  2 57225.77463856 51.876
 260  71.051910  32.041590   176.136   176.168  4 57235.69027970 36.290
 261  71.052847  32.042719   176.055   176.038  4 57245.60591757 40.441
 267  71.051723  32.040653   174.442   174.449  3 57305.09979305 48.558
 268  71.049188  32.038942   174.179   174.191  3 57315.01544002 46.454
 269  71.047523  32.037633   173.724   173.724  2 57324.93108354 42.441
 270  71.047796  32.038325   173.939   173.963  3 57334.84672474 46.127
 271  71.050294  32.039450   174.100   174.059  3 57344.76236399 46.123
 272  71.048638  32.037985   174.108   174.108  2 57354.67801800 46.761
 273  71.048938  32.037835   174.110   174.110  2 57364.59366160 45.967
 274  71.048578  32.039250   173.837   173.837  2 57374.50930159 44.628
 275  71.049707  32.040091   173.805   173.722  3 57384.42494029 34.552
 276  71.051949  32.041465   173.353   173.308  3 57394.34057878 41.304
 279  71.052577  32.043332   173.892   173.932  4 57424.08751522 42.288
 280  71.050599  32.040201   174.145   174.146  3 57434.00316451 45.123
 281  71.049534  32.038675   174.414   174.414  2 57443.91881153 48.023
 282  71.049511  32.039804   174.782   174.787  3 57453.83445725 47.629
 283  71.050861  32.041132   174.663   174.667  3 57463.75010120 42.779
 284  71.052424  32.043558   174.424   174.402  4 57473.66574126 45.759
 289  71.052292  32.041960   175.663   175.612  4 57523.24395270 49.894
 290  71.050514  32.041088   175.819   175.737  3 57533.15960549 50.183
 291  71.049131  32.039422   175.805   175.805  2 57543.07525524 54.425
 292  71.048530  32.038134   175.701   175.701  2 57552.99090207 52.879
 293  71.048468  32.038634   175.876   175.876  2 57562.90654681 50.113
 294  71.049608  32.038702   176.066   176.036  3 57572.82219113 46.625
 295  71.050062  32.040206   175.645   175.645  2 57582.73783490 48.774
 296  71.050394  32.041949   175.692   175.697  3 57592.65347674 45.278
 297  71.051883  32.040715   175.931   175.933  3 57602.56911684 41.775
