-242124.311  2558.701     0.00  143.21
-241834.491  2529.078  -102.23  146.97
-241544.688  2489.201  -137.63  149.55
-241254.902  2441.546  -164.48  137.69
-240965.133  2378.530  -217.52  112.12
-240675.380  2326.104  -180.97   95.56
-240385.645  2283.757  -146.19   85.77
-240095.926  2249.912  -116.85   74.02
-239806.225  2238.053   -40.94   85.42
-239516.540  2223.415   -50.54   93.30
-239226.873  2206.407   -58.73   94.94
-238937.222  2197.275   -31.54   99.20
-238647.588  2175.715   -74.45   96.28
-238357.972  2155.884   -68.49   82.28
-238068.372  2142.396   -46.59   77.76
-237778.789  2119.826   -77.95   74.54
-237489.223  2104.926   -51.47   76.07
-237199.673  2081.440   -81.13   75.05
-236910.141  2056.558   -85.96   79.37
-236620.626  2032.569   -82.88   83.23
-236331.127  1997.273  -121.95   84.98
-236041.646  1965.250  -110.64   85.46
-235752.181  1933.336  -110.28   83.42
-235462.733  1894.909  -132.79   69.40
-235173.302  1862.944  -110.47   55.86
-234883.888  1831.966  -107.06   43.17
-234594.491  1810.423   -74.45   37.62
-234305.110  1790.585   -68.57   34.43
-234015.747  1773.144   -60.29   31.59
-233726.400  1754.490   -64.48   29.04
-233437.071  1739.687   -51.17   26.34
-233147.758  1725.138   -50.30   25.43
-232858.462  1711.039   -48.74   23.51
-232569.183  1699.832   -38.75   21.67
-232279.920  1687.098   -44.03   21.19
-231990.675  1676.915   -35.21   21.21
-231701.446  1665.574   -39.22   21.12
-231412.234  1654.180   -39.41   19.91
-231123.039  1643.076   -38.40   20.22
-230833.861  1632.279   -37.35   19.58
-230544.700  1621.546   -37.12   19.91
-230255.555  1611.058   -36.28   19.05
-229966.428  1601.289   -33.79   18.72
-229677.317  1590.715   -36.58   17.68
-229388.223  1580.826   -34.21   17.91
-229099.145  1570.263   -36.55   18.07
-228810.085  1561.015   -32.00   17.75
-228521.041  1551.465   -33.05   17.84
-228232.015  1541.187   -35.57   17.68
-227943.005  1532.658   -29.52   17.24
-227654.011  1523.701   -31.00   16.86
-227365.035  1515.275   -29.17   16.55
-227076.075  1504.923   -35.83   17.15
-226787.132  1496.307   -29.83   17.90
-226498.206  1486.728   -33.16   17.69
-226209.297  1477.548   -31.78   17.40
-225920.404  1468.560   -31.12   17.35
-225631.528  1458.319   -35.46   16.22
-225342.669  1450.354   -27.58   16.39
-225053.827  1442.339   -27.75   16.12
-224765.002  1432.433   -34.30   16.60
-224476.193  1423.812   -29.86   16.47
-224187.401  1415.146   -30.02   16.83
-223898.626  1406.130   -31.23   16.51
-223609.867  1397.034   -31.50   16.19
-223321.125  1387.010   -34.72   15.51
-223032.400  1378.629   -29.03   15.73
-222743.692  1369.969   -30.00   15.40
-222455.000  1362.330   -26.47   15.37
-222166.326  1352.937   -32.54   15.45
-221877.667  1344.659   -28.68   14.69
-221589.026  1337.174   -25.94   14.58
-221300.401  1329.321   -27.21   13.02
-221011.793  1323.005   -21.89   11.00
-220723.202  1318.172   -16.75    8.73
-220434.627  1316.715    -5.05   11.84
-220146.070  1318.973     7.82   16.88
-219857.528  1322.095    10.83   20.82
-219569.004  1331.646    33.11   28.01
-219280.496  1347.222    54.00   40.03
-218992.005  1368.138    72.51   51.72
-218703.531  1386.884    65.00   54.83
-218415.073  1402.745    55.00   52.55
-218126.632  1419.172    56.96   54.42
-217838.208  1435.915    58.06   56.97
-217549.800  1448.997    45.37   54.78
-217261.409  1454.958    20.68   49.35
-216973.035  1456.301     4.66   46.01
-216684.677  1457.258     3.32   48.15
-216396.336  1451.469   -20.08   45.80
-216108.011  1444.562   -23.96   48.21
-215819.704  1432.981   -40.18   41.75
-215531.413  1424.368   -29.88   37.71
-215243.138  1431.958    26.34   48.40
-214954.880  1443.975    41.70   55.36
-214666.639  1456.025    41.81   56.27
-214378.415  1467.067    38.32   55.67
-214090.207  1482.955    55.13   56.09
-213802.016  1503.801    72.35   53.75
-213513.841  1512.951    31.76   53.46
-213225.683  1513.672     2.50   55.02
-212937.542  1520.687    24.35   61.03
-212649.417  1524.264    12.42   59.23
-212361.309  1521.576    -9.33   53.24
-212073.217  1522.798     4.24   50.60
-211785.142  1529.110    21.91   52.28
-211497.084  1538.201    31.57   51.53
-211209.042  1549.110    37.88   50.37
-210921.017  1560.922    41.02   44.52
-210633.008  1570.136    32.00   42.63
-210345.016  1572.979     9.87   39.48
-210057.041  1566.323   -23.12   45.81
-209769.082  1556.158   -35.30   47.46
-209481.140  1548.687   -25.95   47.33
-209193.214  1545.092   -12.49   46.50
-208905.305  1551.603    22.62   52.83
-208617.413  1552.672     3.72   52.04
-208329.537  1551.848    -2.86   51.36
-208041.677  1554.743    10.06   52.44
-207753.835  1555.315     1.99   52.27
-207466.008  1550.187   -17.82   54.98
-207178.199  1540.030   -35.30   56.58
-206890.405  1531.884   -28.31   61.75
-206602.629  1516.672   -52.87   65.17
-206314.869  1507.617   -31.47   63.52
-206027.125  1499.598   -27.87   64.64
-205739.398  1486.078   -47.00   69.36
-205451.688  1471.340   -51.23   71.50
-205163.994  1454.890   -57.19   69.53
-204876.316  1434.997   -69.16   60.36
-204588.655  1416.993   -62.60   53.00
-204301.011  1394.422   -78.48   48.73
-204013.383  1381.021   -46.60   48.61
-203725.772  1360.339   -71.92   45.60
-203438.177  1344.392   -55.46   48.73
-203150.598  1323.194   -73.73   50.23
-202863.036  1304.915   -63.58   46.46
-202575.491  1285.798   -66.50   34.85
-202287.962  1271.548   -49.57   30.68
-202000.450  1258.377   -45.82   27.86
-201712.954  1245.368   -45.26   25.85
-201425.474  1235.250   -35.20   23.12
-201138.012  1225.804   -32.87   23.03
-200850.565  1215.448   -36.04   20.18
-200563.135  1207.560   -27.45   17.41
-200275.722  1205.647    -6.66   23.61
-199988.325  1207.873     7.74   37.41
-199700.944  1209.284     4.91   46.41
-199413.580  1206.436    -9.91   49.16
-199126.232  1201.415   -17.48   50.65
-198838.901  1190.585   -37.70   46.10
-198551.586  1177.333   -46.13   40.61
-198264.288  1163.222   -49.13   25.52
-197977.006  1157.387   -20.31   22.39
-197689.741  1154.743    -9.21   23.08
-197402.492  1152.118    -9.14   23.83
-197115.259  1149.053   -10.67   23.72
-196828.043  1144.716   -15.10   22.64
-196540.843  1141.166   -12.36   22.96
-196253.660  1139.392    -6.18   22.54
-195966.493  1139.173    -0.77   22.35
-195679.343  1145.965    23.66   30.39
-195392.209  1158.865    44.94   43.95
-195105.091  1177.430    64.67   60.15
-194817.990  1203.493    90.80   74.96
-194530.905  1234.787   109.02   82.56
-194243.837  1247.830    45.44   76.73
-193956.785  1261.215    46.64   73.23
-193669.749  1268.201    24.34   68.02
-193382.730  1262.687   -19.21   67.56
-193095.727  1239.560   -80.59   69.76
-192808.741  1210.340  -101.83   61.89
-192521.770  1190.854   -67.91   52.70
-192234.817  1188.405    -8.53   50.88
-191947.879  1194.136    19.97   61.66
-191660.959  1203.187    31.55   65.72
-191374.054  1213.907    37.37   64.14
-191087.166  1225.150    39.20   56.46
-190800.294  1233.797    30.15   52.74
-190513.438  1232.701    -3.82   53.04
-190226.599  1229.558   -10.96   55.36
-189939.776  1228.548    -3.52   57.56
-189652.970  1224.858   -12.87   63.10
-189366.180  1215.774   -31.68   64.60
-189079.406  1216.301     1.84   68.06
-188792.649  1215.716    -2.04   67.65
-188505.908  1217.941     7.76   71.69
-188219.183  1204.743   -46.03   64.90
-187932.475  1190.413   -49.99   61.00
-187645.782  1181.507   -31.07   60.28
-187359.107  1177.576   -13.71   58.35
-187072.447  1169.287   -28.92   54.59
-186785.804  1147.830   -74.87   47.34
-186499.177  1133.613   -49.61   44.02
-186212.567  1117.266   -57.04   44.33
-185925.972  1107.757   -33.18   42.65
-185639.395  1110.969    11.21   46.69
-185352.833  1112.673     5.95   47.23
-185066.288  1112.208    -1.62   46.99
-184779.759  1110.510    -5.93   45.96
-184493.246  1109.758    -2.62   46.69
-184206.749  1111.933     7.59   49.25
-183920.269  1098.922   -45.43   52.63
-183633.273  1080.673   -63.60   52.06
-183343.262  1058.058   -77.99   43.40
-183053.267  1042.187   -54.74   33.27
-182763.289  1034.044   -28.09   30.71
-182473.328  1029.617   -15.27   26.00
-182183.384  1025.058   -15.72   22.50
-181893.457  1023.001    -7.10   22.73
-181603.546  1024.878     6.47   22.79
-181313.652  1026.215     4.62   22.43
-181023.775  1025.187    -3.55   24.68
-180733.914  1022.228   -10.21   27.92
-180444.070  1016.527   -19.67   29.01
-180154.243  1012.244   -14.78   30.30
-179864.433  1005.789   -22.28   27.19
-179574.639  1002.287   -12.09   24.32
-179284.862  1000.223    -7.12   21.89
-178995.102   998.744    -5.10   20.12
-178705.359  1007.909    31.64   25.92
-178415.632  1019.854    41.23   36.31
-178125.922  1029.444    33.11   36.09
-177836.229  1037.643    28.31   34.85
-177546.552  1044.745    24.52   32.64
-177256.892  1050.436    19.65   31.81
-176967.249  1052.615     7.52   32.39
-176677.622  1053.571     3.30   32.94
-176388.012  1053.264    -1.06   31.62
-176098.419  1054.757     5.16   30.32
-175808.843  1056.730     6.81   28.82
-175519.283  1058.101     4.74   25.82
-175229.740  1058.962     2.97   24.79
-174940.213  1055.495   -11.98   23.98
-174650.703  1051.273   -14.59   21.30
-174361.210  1050.430    -2.91   19.77
-174071.734  1050.896     1.61   22.55
-173782.274  1058.824    27.40   27.63
-173492.831  1070.298    39.65   33.31
-173203.404  1085.458    52.39   33.35
-172913.994  1093.787    28.78   31.90
-172624.601  1098.304    15.61   30.98
-172335.224  1111.451    45.44   31.57
-172045.864  1123.882    42.97   42.82
-171756.521  1132.958    31.37   46.81
-171467.194  1138.258    18.32   46.40
-171177.884  1136.673    -5.48   45.94
-170888.590  1129.760   -23.90   51.22
-170599.313  1117.574   -42.13   53.90
-170310.053  1103.498   -48.67   53.89
-170020.809  1084.252   -66.55   48.03
-169731.582  1061.743   -77.84   43.39
-169442.372  1045.053   -57.72   41.18
-169153.178  1029.081   -55.24   38.43
-168864.001  1014.743   -49.59   33.06
-168574.840  1000.451   -49.43   27.94
-168285.696   993.962   -22.45   26.69
-167996.569   983.730   -35.40   24.09
-167707.458   974.601   -31.58   21.46
-167418.363   966.377   -28.45   19.86
-167129.286   957.244   -31.60   18.42
-166840.224   954.523    -9.41   18.10
-166551.180   952.448    -7.18   19.65
-166262.152   951.273    -4.07   21.19
-165973.140   961.481    35.33   29.07
-165684.145   976.101    50.60   38.25
-165395.167   992.743    57.60   40.43
-165106.205  1010.645    61.96   45.24
-164817.260  1033.279    78.34   57.50
-164528.331  1051.034    61.46   63.04
-164239.419  1059.815    30.40   66.23
-163950.524  1066.258    22.30   65.19
-163661.644  1075.539    32.13   60.85
-163372.782  1092.687    59.37   58.62
-163083.936  1088.150   -15.71   57.11
-162795.106  1088.025    -0.43   59.21
-162506.293  1089.115     3.78   52.72
-162217.497  1084.887   -14.64   46.80
-161928.717  1075.645   -32.01   42.09
-161639.954  1066.987   -29.99   39.07
-161351.207  1060.686   -21.82   32.37
-161062.476  1062.098     4.89   33.69
-160773.762  1059.201   -10.04   33.03
-160485.065  1063.631    15.35   38.24
-160196.384  1071.930    28.75   42.59
-159907.720  1078.757    23.66   44.41
-159619.072  1082.918    14.42   49.30
-159330.440  1088.981    21.01   56.22
-159041.825  1084.830   -14.38   62.88
-158753.227  1084.436    -1.36   62.11
-158464.645  1073.287   -38.64   61.61
-158176.079  1068.307   -17.26   61.48
-157887.530  1052.257   -55.63   64.08
-157598.998  1028.104   -83.72   75.38
-157310.481   999.124  -100.46   84.74
-157021.982   962.426  -127.22   91.55
-156733.499   933.405  -100.61   87.72
-156445.032   903.804  -102.63   74.20
-156156.581   872.803  -107.49   49.82
-155868.148   861.229   -40.13   44.26
-155579.730   850.688   -36.55   41.41
-155291.329   840.387   -35.72   37.87
-155002.945   834.658   -19.87   38.28
-154714.576   831.039   -12.55   38.16
-154426.225   829.215    -6.33   37.06
-154137.890   828.571    -2.24   36.62
-153849.571   822.237   -21.97   34.60
-153561.268   810.898   -39.34   32.80
-153272.982   806.715   -14.51   35.39
-152984.713   800.053   -23.11   38.38
-152696.459   790.715   -32.40   39.45
-152408.223   781.716   -31.23   37.91
-152120.002   781.904     0.65   41.90
-151831.798   784.001     7.28   51.53
-151543.611   794.466    36.32   59.91
-151255.440   813.451    65.89   68.32
-150967.285   830.382    58.76   68.74
-150679.146   854.742    84.55   70.42
-150391.024   876.941    77.06   73.97
-150102.919   901.115    83.92   78.88
-149814.829   923.951    79.28   73.84
-149526.757   936.701    44.27   72.72
-149238.700   947.319    36.86   78.42
-148950.660   953.173    20.33   86.20
-148662.636   940.208   -45.02   97.64
-148374.629   900.550  -137.71  108.67
-148086.637   853.603  -163.04  108.12
-147798.663   816.339  -129.42  104.62
-147510.704   772.128  -153.55   94.85
-147222.762   736.179  -124.86   82.09
-146934.837   707.544   -99.47   66.57
-146646.927   677.673  -103.76   48.72
-146359.034   659.007   -64.85   30.30
-146071.158   647.340   -40.53   24.78
-145783.297   639.058   -28.77   22.47
-145495.453   632.358   -23.28   19.91
-145207.626   625.951   -22.26   22.16
-144919.814   616.481   -32.91   23.45
-144632.019   610.194   -21.85   22.16
-144344.240   605.358   -16.81   20.05
-144056.478   603.124    -7.77   21.82
-143768.732   604.487     4.74   24.17
-143481.002   606.304     6.32   25.16
-143193.288   608.576     7.90   24.81
-142905.591   609.774     4.16   24.21
-142617.910   608.701    -3.73   25.13
-142330.246   601.830   -23.89   25.74
-142042.597   595.715   -21.26   25.32
-141754.965   586.158   -33.23   21.62
-141467.349   578.701   -25.93   17.18
-141179.750   575.222   -12.10   15.27
-140892.167   574.546    -2.35   15.64
-140604.600   571.701    -9.89   16.33
-140317.049   568.025   -12.79   18.56
-140029.514   565.083   -10.23   20.19
-139741.996   559.510   -19.39   19.65
-139454.494   554.532   -17.32   18.69
-139167.009   547.293   -25.18   15.69
-138879.539   541.923   -18.68   12.36
-138592.086   539.301    -9.12   12.70
-138304.649   536.758    -8.85   11.91
-138017.228   533.672   -10.74   12.01
-137729.824   532.054    -5.63   12.99
-137442.436   529.098   -10.29   13.73
-137155.064   529.258     0.56   19.36
-136867.708   537.631    29.14   36.92
-136580.369   550.258    43.95   49.88
-136293.045   561.701    39.83   55.28
-136005.738   570.951    32.20   56.61
-135718.447   579.295    29.05   54.02
-135431.173   583.907    16.06   50.27
-135143.914   579.401   -15.69   51.54
-134856.672   571.775   -26.55   52.13
-134569.446   565.387   -22.24   50.89
-134282.236   559.095   -21.91   45.89
-133995.042   554.550   -15.83   42.52
-133707.865   556.617     7.20   42.84
-133420.704   559.368     9.58   45.01
-133133.559   564.039    16.27   43.85
-132846.430   573.373    32.51   45.63
-132559.317   592.194    65.56   50.07
-132272.220   625.433   115.79   59.73
-131985.140   643.326    62.33   58.33
-131698.076   652.604    32.32   54.31
-131411.028   648.273   -15.09   62.96
-131123.996   638.053   -35.61   79.43
-130836.980   613.922   -84.09   98.72
-130549.981   571.382  -148.24  112.22
-130262.997   536.951  -119.99  113.31
-129976.030   493.966  -149.81  105.13
-129689.079   456.646  -130.07   86.46
-129402.144   431.315   -88.29   72.73
-129115.225   413.153   -63.31   52.88
-128828.322   409.659   -12.18   49.32
-128541.436   410.476     2.85   47.57
-128254.565   401.333   -31.87   53.20
-127967.711   386.729   -50.92   60.80
-127680.873   374.657   -42.09   66.30
-127394.051   354.315   -70.93   69.37
-127107.245   336.081   -63.58   64.84
-126820.455   315.296   -72.49   45.58
-126533.682   297.930   -60.56   23.89
-126246.924   289.487   -29.45   15.54
-125960.182   284.833   -16.23   12.67
-125673.457   284.830    -0.01   17.98
-125386.748   282.701    -7.42   18.27
-125100.055   281.466    -4.31   16.04
-124813.377   278.053   -11.91   13.79
-124526.716   276.645    -4.91   13.48
-124240.072   276.158    -1.70   13.19
-123953.443   275.011    -4.00   13.00
-123666.830   273.787    -4.27   11.96
-123380.233   270.760   -10.56    9.71
-123093.653   269.673    -3.79    8.93
-122807.088   267.878    -6.26    7.67
-122520.540   266.230    -5.75    6.36
-122234.007   265.321    -3.17    5.60
-121947.491   264.521    -2.79    4.10
-121660.990   264.124    -1.39    3.60
-121372.404   263.673    -1.56    2.84
-121082.409   263.165    -1.75    2.06
-120792.430   262.401    -2.63    6.69
-120502.467   260.922    -5.10   10.11
-120212.521   257.614   -11.41   14.02
-119922.592   254.842    -9.56   15.52
-119632.679   250.282   -15.73   16.41
-119342.782   245.532   -16.39   15.90
-119052.902   241.301   -14.60   14.30
-118763.039   235.760   -19.12    9.10
-118473.192   233.715    -7.05    7.17
-118183.362   232.333    -4.77    6.31
-117893.548   230.558    -6.13    6.03
-117603.750   229.715    -2.91    6.02
-117313.969   229.126    -2.03    5.96
-117024.205   228.321    -2.78    6.03
-116734.457   228.237    -0.29    6.00
-116444.725   227.892    -1.19    6.07
-116155.010   228.011     0.41    6.07
-115865.312   228.020     0.03    5.55
-115575.630   227.645    -1.30    5.42
-115285.964   227.229    -1.44    5.26
-114996.315   227.067    -0.56    5.05
-114706.682   226.887    -0.62    4.91
-114417.066   226.295    -2.04    5.18
-114127.466   225.686    -2.10    4.95
-113837.883   224.252    -4.95    4.99
-113548.316   223.330    -3.18    4.98
-113258.765   221.896    -4.95    4.85
-112969.231   220.307    -5.49    4.62
-112679.713   219.250    -3.65    4.35
-112390.212   218.264    -3.41    4.43
-112100.727   217.244    -3.53    4.50
-111811.259   216.569    -2.33    4.32
-111521.807   215.194    -4.75    4.13
-111232.372   214.534    -2.28    4.07
-110942.952   213.153    -4.77    4.04
-110653.550   211.962    -4.12    3.81
-110364.163   210.926    -3.58    3.93
-110074.793   209.010    -6.62    4.23
-109785.440   207.658    -4.67    4.33
-109496.103   206.098    -5.39    4.12
-109206.782   204.039    -7.12    4.31
-108917.478   202.236    -6.23    4.34
-108628.190   200.173    -7.13    4.41
-108338.918   198.058    -7.31    4.46
-108049.663   196.159    -6.57    4.57
-107760.424   193.686    -8.55    4.29
-107471.202   191.466    -7.68    4.29
-107181.996   189.863    -5.54    3.91
-106892.806   187.773    -7.23    3.75
-106603.632   185.659    -7.31    3.76
-106314.475   184.039    -5.60    3.64
-106025.335   182.230    -6.26    3.68
-105736.210   180.165    -7.14    3.44
-105447.103   178.466    -5.88    3.28
-105158.011   176.554    -6.61    3.30
-104868.936   174.892    -5.75    3.59
-104579.877   173.244    -5.70    3.72
-104290.834   171.287    -6.77    3.41
-104001.808   169.858    -4.94    3.38
-103712.798   168.617    -4.30    3.24
-103423.804   167.890    -2.52    3.21
-103134.827   168.083     0.67    3.84
-102845.866   167.863    -0.76    4.12
-102556.921   168.373     1.76    4.32
-102267.993   168.701     1.14    3.90
-101979.081   168.458    -0.84    3.52
-101690.185   167.801    -2.27    3.57
-101401.306   166.339    -5.06    4.03
-101112.443   164.861    -5.12    4.90
-100823.596   162.353    -8.68    5.22
-100534.765   160.010    -8.11    5.22
-100245.951   157.455    -8.85    5.29
 -99957.153   155.101    -8.15    5.40
 -99668.371   152.476    -9.09    5.69
 -99379.606   149.659    -9.76    6.02
 -99090.857   147.158    -8.66    6.25
 -98802.124   144.382    -9.62    6.08
 -98513.407   141.567    -9.75    5.51
 -98224.707   139.583    -6.87    4.68
 -97936.023   138.415    -4.05    4.48
 -97647.355   138.729     1.09    6.04
 -97358.704   139.548     2.84    7.81
 -97070.068   140.180     2.19    9.03
 -96781.449   141.659     5.12    9.26
 -96492.847   142.054     1.37    8.95
 -96204.260   141.430    -2.16    8.97
 -95915.690   140.936    -1.71    8.29
 -95627.136   139.107    -6.34    7.65
 -95338.598   137.659    -5.02    7.10
 -95050.076   136.194    -5.08    5.75
 -94761.571   135.476    -2.49    4.46
 -94473.082   135.401    -0.26    4.22
 -94184.609   135.819     1.45    3.76
 -93896.152   136.415     2.07    3.51
 -93607.711   137.113     2.42    2.64
 -93319.287   136.759    -1.23    2.47
 -93030.879   136.659    -0.35    2.73
 -92742.487   136.085    -1.99    3.00
 -92454.111   135.556    -1.83    3.09
 -92165.752   135.158    -1.38    3.54
 -91877.409   134.657    -1.74    4.14
 -91589.081   134.587    -0.24    4.30
 -91300.770   134.642     0.19    4.33
 -91012.476   134.324    -1.10    4.00
 -90724.197   134.772     1.55    4.00
 -90435.935   134.826     0.19    3.66
 -90147.689   134.801    -0.09    3.56
 -89859.458   134.645    -0.54    3.38
 -89571.245   133.833    -2.82    3.20
 -89283.047   133.495    -1.17    3.06
 -88994.865   133.237    -0.89    2.82
 -88706.700   132.817    -1.46    2.96
 -88418.551   132.279    -1.87    3.26
 -88130.418   131.715    -1.96    3.46
 -87842.301   130.744    -3.37    3.66
 -87554.200   129.687    -3.67    4.02
 -87266.115   128.069    -5.62    3.67
 -86978.047   127.245    -2.86    3.26
 -86689.994   126.304    -3.27    3.53
 -86401.958   125.846    -1.59    3.79
 -86113.938   125.166    -2.36    3.98
 -85825.934   124.377    -2.74    4.01
 -85537.946   123.321    -3.67    4.38
 -85249.974   121.842    -5.14    4.73
 -84962.019   119.907    -6.72    4.56
 -84674.079   118.510    -4.85    4.58
 -84386.156   117.113    -4.85    4.07
 -84098.248   115.672    -5.01    3.51
 -83810.357   114.842    -2.88    2.75
 -83522.482   114.426    -1.45    2.24
 -83234.623   114.159    -0.93    2.23
 -82946.780   114.030    -0.45    2.14
 -82658.953   114.208     0.62    2.29
 -82371.143   113.922    -1.00    2.33
 -82083.348   113.130    -2.75    2.61
 -81795.569   111.775    -4.71    4.11
 -81507.807   109.373    -8.35    5.72
 -81220.060   108.875    -1.73    5.54
 -80932.330   108.564    -1.08    5.06
 -80644.616   108.659     0.33    5.23
 -80356.917   109.281     2.16    5.35
 -80069.235   111.039     6.11    4.62
 -79781.569   112.273     4.29    3.35
 -79493.919   112.716     1.54    2.22
 -79206.285   112.930     0.74    2.22
 -78918.667   113.349     1.46    2.20
 -78631.065   113.904     1.93    2.44
 -78343.479   114.659     2.63    2.57
 -78055.909   115.339     2.36    2.46
 -77768.356   116.010     2.33    2.12
 -77480.818   116.487     1.66    2.11
 -77193.296   116.583     0.34    2.15
 -76905.790   116.101    -1.68    2.28
 -76618.301   115.490    -2.13    2.24
 -76330.827   114.923    -1.97    2.08
 -76043.369   114.293    -2.19    2.11
 -75755.928   113.773    -1.81    2.11
 -75468.502   113.392    -1.32    2.16
 -75181.092   112.995    -1.38    2.39
 -74893.699   112.804    -0.67    2.41
 -74606.321   112.373    -1.50    2.39
 -74318.960   112.110    -0.92    2.28
 -74031.614   111.909    -0.70    2.28
 -73744.284   111.130    -2.71    2.73
 -73456.971   111.243     0.39    2.81
 -73169.673   111.804     1.95    3.32
 -72882.391   112.641     2.91    3.98
 -72595.125   113.892     4.35    4.48
 -72307.876   114.875     3.42    4.30
 -72020.642   115.915     3.62    3.65
 -71733.424   116.518     2.10    2.67
 -71446.222   116.419    -0.34    2.53
 -71159.036   115.884    -1.86    2.65
 -70871.866   115.382    -1.75    2.55
 -70584.712   114.995    -1.35    2.29
 -70297.574   115.525     1.84    2.21
 -70010.452   115.804     0.97    2.41
 -69723.346   116.757     3.32    2.70
 -69436.256   117.230     1.64    2.80
 -69149.182   117.882     2.27    2.90
 -68862.123   118.287     1.41    3.15
 -68575.081   118.730     1.54    3.26
 -68288.055   119.069     1.18    3.38
 -68001.044   119.539     1.64    3.33
 -67714.049   119.760     0.77    3.34
 -67427.071   120.020     0.91    3.60
 -67140.108   120.433     1.44    3.52
 -66853.161   120.632     0.69    3.78
 -66566.230   120.844     0.74    3.69
 -66279.315   121.194     1.22    3.63
 -65992.416   120.806    -1.35    3.70
 -65705.533   120.598    -0.72    3.81
 -65418.665   119.922    -2.36    4.02
 -65131.814   119.281    -2.23    3.53
 -64844.978   119.180    -0.35    3.25
 -64558.159   118.934    -0.86    2.89
 -64271.355   119.391     1.59    2.95
 -63984.567   120.335     3.29    2.79
 -63697.795   121.615     4.47    2.82
 -63411.039   122.544     3.24    2.84
 -63124.299   123.466     3.22    2.91
 -62837.574   124.701     4.31    3.26
 -62550.866   126.373     5.83    4.71
 -62264.173   128.490     7.39    5.37
 -61977.496   131.391    10.12    5.84
 -61690.835   133.601     7.71    5.72
 -61404.190   136.236     9.19    5.21
 -61117.561   138.530     8.00    3.81
 -60830.947   140.275     6.09    3.10
 -60544.350   141.892     5.64    3.00
 -60257.768   143.455     5.45    3.21
 -59971.202   145.010     5.43    3.29
 -59684.652   146.815     6.30    3.79
 -59397.935   148.644     6.38    4.10
 -59107.948   150.687     7.05    3.95
 -58817.978   152.601     6.60    4.05
 -58528.025   154.304     5.87    3.81
 -58238.087   156.054     6.04    3.24
 -57948.166   157.687     5.63    3.34
 -57658.261   159.310     5.60    3.14
 -57368.373   161.187     6.48    3.64
 -57078.500   162.715     5.27    3.74
 -56788.644   164.629     6.60    3.98
 -56498.804   166.530     6.56    3.79
 -56208.981   168.157     5.62    3.34
 -55919.174   170.069     6.60    3.62
 -55629.382   172.087     6.96    4.04
 -55339.608   173.961     6.47    4.19
 -55049.849   176.049     7.20    4.51
 -54760.107   178.073     6.98    4.41
 -54470.381   180.069     6.89    4.09
 -54180.671   181.730     5.73    4.13
 -53890.977   183.348     5.59    3.95
 -53601.300   185.476     7.35    4.03
 -53311.639   187.044     5.41    4.54
 -53021.994   189.146     7.26    4.97
 -52732.365   191.194     7.07    5.51
 -52442.752   193.484     7.91    5.70
 -52153.156   196.083     8.98    5.87
 -51863.576   198.495     8.33    5.76
 -51574.012   199.922     4.93    6.26
 -51284.464   202.856    10.13    6.47
 -50994.933   204.987     7.36    6.97
 -50705.417   207.229     7.74    7.30
 -50415.918   210.476    11.22    7.44
 -50126.435   213.289     9.72    7.04
 -49836.969   216.069     9.60    7.09
 -49547.518   218.447     8.22    7.35
 -49258.084   220.933     8.59    7.99
 -48968.665   223.715     9.61    8.31
 -48679.263   226.821    10.73    8.39
 -48389.878   229.658     9.81    8.61
 -48100.508   233.344    12.74    7.87
 -47811.154   236.835    12.07    7.73
 -47521.817   239.510     9.24    8.03
 -47232.496   242.641    10.82    7.75
 -46943.191   245.430     9.64    8.24
 -46653.902   248.786    11.60    8.61
 -46364.629   251.858    10.62    9.19
 -46075.372   254.918    10.58    9.38
 -45786.132   258.121    11.07    9.59
 -45496.907   262.333    14.56    9.55
 -45207.699   266.436    14.19    9.33
 -44918.507   271.571    17.75    9.05
 -44629.331   275.814    14.67    9.01
 -44340.171   280.562    16.42    8.97
 -44051.027   284.873    14.91    8.99
 -43761.900   289.187    14.92    9.68
 -43472.788   294.846    19.58   10.12
 -43183.693   299.392    15.73   10.76
 -42894.614   304.907    19.08   10.78
 -42605.550   311.730    23.61   10.65
 -42316.503   317.335    19.39   10.99
 -42027.472   323.354    20.83   10.79
 -41738.457   329.073    19.79   10.51
 -41449.459   334.335    18.21   11.11
 -41160.476   341.113    23.46   11.67
 -40871.509   346.558    18.84   12.69
 -40582.559   354.363    27.01   16.93
 -40293.624   368.487    48.88   26.42
 -40004.706   384.266    54.62   35.22
 -39715.803   402.409    62.80   41.36
 -39426.917   426.501    83.40   48.47
 -39138.047   455.150    99.18   53.91
 -38849.193   483.481    98.08   56.83
 -38560.355   509.030    88.46   61.23
 -38271.533   529.289    70.15   59.69
 -37982.727   563.504   118.47   65.43
 -37693.937   587.368    82.64   60.66
 -37405.163   594.907    26.11   57.17
 -37116.405   589.630   -18.28   71.10
 -36827.663   574.348   -52.93   88.19
 -36538.937   534.010  -139.72  103.13
 -36250.228   491.401  -147.59  108.03
 -35961.534   445.915  -157.56   97.52
 -35672.856   391.870  -187.22   86.63
 -35384.195   365.430   -91.60   70.21
 -35095.549   340.537   -86.24   57.12
 -34806.919   316.063   -84.79   43.68
 -34518.306   298.495   -60.87   43.49
 -34229.708   281.201   -59.93   42.12
 -33941.127   268.687   -43.37   43.60
 -33652.561   254.701   -48.47   41.78
 -33364.011   235.236   -67.46   26.37
 -33075.478   223.115   -42.01   19.60
 -32786.960   213.601   -32.98   14.36
 -32498.459   207.194   -22.21   12.65
 -32209.973   200.789   -22.20   10.30
 -31921.503   196.833   -13.71    8.68
 -31633.050   193.344   -12.10    7.92
 -31344.612   190.150   -11.07    8.28
 -31056.190   187.180   -10.30    8.87
 -30767.784   184.744    -8.45    8.44
 -30479.395   183.150    -5.53    8.14
 -30191.021   181.962    -4.12    7.67
 -29902.663   179.951    -6.97    7.03
 -29614.321   180.025     0.26    6.37
 -29325.995   179.034    -3.43    6.43
 -29037.685   178.353    -2.36    6.35
 -28749.391   176.672    -5.83    6.43
 -28461.113   174.643    -7.04    6.90
 -28172.851   171.672   -10.31    7.80
 -27884.605   169.252    -8.40    8.16
 -27596.375   167.186    -7.17    7.53
 -27308.160   166.922    -0.92    7.64
 -27019.962   167.629     2.45    8.71
 -26731.779   170.401     9.62   10.71
 -26443.613   176.078    19.70   12.78
 -26155.462   183.295    25.05   14.93
 -25867.327   193.186    34.33   18.24
 -25579.209   204.005    37.55   22.68
 -25291.106   218.069    48.81   27.04
 -25003.019   236.275    63.20   34.36
 -24714.948   262.573    91.29   52.45
 -24426.892   294.890   112.19   74.22
 -24138.853   340.194   157.29  101.98
 -23850.830   388.397   167.36  124.34
 -23562.822   431.054   148.11  128.70
 -23274.831   466.339   122.52  132.24
 -22986.855   524.098   200.57  141.71
 -22698.895   552.863    99.89  139.16
 -22410.951   601.875   170.22  140.25
 -22123.023   621.817    69.26  131.31
 -21835.111   635.281    46.76  116.77
 -21547.214   641.875    22.91  103.52
 -21259.334   623.054   -65.38  102.88
 -20971.469   587.803  -122.46  116.15
 -20683.620   530.981  -197.41  124.10
 -20395.788   468.701  -216.38  117.39
 -20107.971   409.759  -204.79  113.01
 -19820.169   358.788  -177.11  105.68
 -19532.384   309.643  -170.77   89.58
 -19244.614   267.078  -147.92   75.03
 -18956.861   227.275  -138.33   65.14
 -18669.123   199.223   -97.49   64.22
 -18381.401   162.613  -127.24   63.00
 -18093.695   131.833  -106.98   68.28
 -17806.004   102.339  -102.52   69.07
 -17518.330    73.600   -99.90   53.32
 -17230.671    54.223   -67.36   40.41
 -16943.028    41.498   -44.24   24.70
 -16655.401    34.310   -24.99   10.23
 -16367.790    31.368   -10.23    3.10
 -16080.195    30.833    -1.86    2.99
 -15792.615    29.539    -4.50    3.30
 -15505.051    27.745    -6.24    5.21
 -15217.503    25.789    -6.80    6.46
 -14929.971    23.281    -8.72    7.27
 -14642.454    21.150    -7.41    7.44
 -14354.954    19.165    -6.91    7.02
 -14067.469    17.266    -6.60    6.29
 -13780.000    15.922    -4.68    5.42
 -13492.546    14.245    -5.83    4.53
 -13205.109    13.746    -1.74    3.88
 -12917.687    12.966    -2.71    3.61
 -12630.281    12.063    -3.14    3.37
 -12342.891    11.287    -2.70    3.40
 -12055.516    10.615    -2.34    3.31
 -11768.158     9.745    -3.03    3.41
 -11480.815     8.525    -4.25    3.51
 -11193.488     6.878    -5.73    3.13
 -10906.176     6.119    -2.64    2.73
 -10618.880     5.216    -3.14    2.29
 -10331.601     4.573    -2.24    2.01
 -10044.336     3.887    -2.39    1.57
  -9757.088     3.530    -1.24    1.41
  -9469.855     3.223    -1.07    1.21
  -9182.638     3.128    -0.33    1.12
  -8895.437     3.069    -0.20    1.16
  -8608.251     2.865    -0.71    1.23
  -8321.082     2.890     0.08    1.32
  -8033.928     3.101     0.74    1.57
  -7746.789     3.073    -0.10    1.61
  -7459.667     3.215     0.50    1.65
  -7172.560     3.397     0.63    1.63
  -6885.468     3.628     0.80    1.64
  -6598.393     3.789     0.56    1.51
  -6311.333     4.000     0.73    1.37
  -6024.289     4.073     0.25    1.36
  -5737.260     4.215     0.50    1.45
  -5450.248     4.173    -0.15    1.39
  -5163.251     3.944    -0.80    1.35
  -4876.269     3.773    -0.60    1.31
  -4589.304     3.731    -0.15    1.23
  -4302.354     3.913     0.64    1.17
  -4015.419     3.880    -0.12    1.14
  -3728.501     3.830    -0.18    1.14
  -3441.598     3.715    -0.40    1.30
  -3154.710     3.405    -1.08    1.80
  -2867.839     3.187    -0.76    1.90
  -2580.983     2.973    -0.75    1.87
  -2294.142     2.672    -1.05    1.92
  -2007.318     2.507    -0.57    1.93
  -1720.509     2.436    -0.25    1.74
  -1433.715     2.275    -0.56    1.66
  -1146.938     2.258    -0.06    1.52
   -860.176     1.969    -1.01    1.78
   -573.429     1.363    -2.11    2.22
   -286.698     0.715    -2.26    2.49
      0.017     0.344    -1.30    2.73
    286.716    -0.481    -2.88    2.49
    573.400    -0.777    -1.03    2.29
    860.069    -1.328    -1.92    2.01
   1146.721    -1.850    -1.82    2.16
   1433.358    -2.342    -1.72    2.35
   1719.980    -2.613    -0.95    2.53
   2006.586    -2.956    -1.20    2.56
   2293.176    -3.085    -0.45    2.73
   2579.750    -3.015     0.24    2.89
   2868.065    -2.417     2.08    3.25
   3158.039    -1.211     4.16    3.16
   3447.997    -0.168     3.59    2.59
   3737.939     0.558     2.51    1.88
   4027.864     0.830     0.94    1.33
   4317.774     0.814    -0.05    1.28
   4607.668     0.642    -0.59    1.28
   4897.545     0.567    -0.26    1.37
   5187.407     0.642     0.26    1.46
   5477.253     0.907     0.91    1.55
   5767.082     1.258     1.21    1.58
   6056.896     1.201    -0.20    1.62
   6346.693     1.415     0.74    1.60
   6636.475     1.530     0.39    1.44
   6926.240     1.628     0.34    1.31
   7215.990     1.363    -0.91    1.30
   7505.723     1.363     0.00    1.30
   7795.441     1.115    -0.85    1.14
   8085.142     0.842    -0.94    1.11
   8374.828     0.537    -1.05    1.60
   8664.498     0.152    -1.33    1.55
   8954.151    -0.108    -0.90    1.62
   9243.789    -0.490    -1.32    1.62
   9533.410    -0.899    -1.41    1.58
   9823.016    -1.168    -0.93    1.50
  10112.606    -1.342    -0.60    1.41
  10402.179    -1.413    -0.25    1.47
  10691.737    -1.534    -0.42    1.61
  10981.279    -1.343     0.66    1.60
  11270.805    -1.299     0.15    1.60
  11560.314    -0.946     1.22    1.56
  11849.808    -0.850     0.33    1.56
  12139.286    -0.661     0.65    1.59
  12428.748    -0.212     1.55    1.36
  12718.194    -0.110     0.35    1.30
  13007.625    -0.137    -0.09    1.19
  13297.039    -0.150    -0.04    1.27
  13586.437    -0.108     0.14    1.45
  13875.819     0.054     0.56    1.51
  14165.186    -0.019    -0.25    1.57
  14454.536     0.015     0.12    1.57
  14743.871     0.215     0.69    1.54
  15033.190     0.166    -0.17    1.54
  15322.492    -0.199    -1.26    1.29
  15611.779    -0.142     0.20    1.22
  15901.050    -0.108     0.12    1.18
  16190.305    -0.135    -0.09    1.15
  16479.544     0.344     1.65    2.21
  16768.767     1.021     2.34    2.88
  17057.975     2.073     3.64    3.61
  17347.166     3.215     3.95    3.98
  17636.342     4.422     4.17    3.89
  17925.501     4.846     1.47    3.73
  18214.645     5.525     2.35    3.20
  18503.773     6.387     2.98    2.14
  18792.885     6.330    -0.20    2.15
  19081.981     5.979    -1.21    2.15
  19371.062     5.730    -0.86    1.97
  19660.126     5.501    -0.79    1.82
  19949.175     5.554     0.18    1.78
  20238.207     5.388    -0.58    1.66
  20527.224     5.363    -0.09    1.68
  20816.225     5.504     0.49    1.71
  21105.210     5.252    -0.87    1.54
  21394.179     4.983    -0.93    1.60
  21683.133     5.001     0.06    1.76
  21972.071     4.922    -0.27    1.86
  22260.992     4.995     0.25    1.81
  22549.898     4.835    -0.55    1.90
  22838.788     4.601    -0.81    2.01
  23127.663     4.430    -0.59    2.08
  23416.521     4.344    -0.30    1.92
  23705.364     4.087    -0.89    1.91
  23994.191     3.878    -0.72    1.87
  24283.002     3.628    -0.87    1.73
  24571.797     3.731     0.36    1.76
  24860.576     3.537    -0.67    1.78
  25149.340     3.556     0.07    1.80
  25438.088     3.330    -0.78    1.85
  25726.820     3.377     0.16    1.83
  26015.536     3.250    -0.44    1.81
  26304.236     3.083    -0.58    1.70
  26592.921     2.951    -0.46    1.42
  26881.590     2.821    -0.45    1.34
  27170.243     2.962     0.49    1.32
  27458.880     3.281     1.10    1.43
  27747.501     3.498     0.75    1.54
  28036.107     3.800     1.04    1.51
  28324.697     3.930     0.45    1.50
  28613.271     4.104     0.60    1.34
  28901.830     3.981    -0.43    1.35
  29190.372     3.910    -0.24    1.37
  29478.899     3.844    -0.23    1.38
  29767.410     3.558    -0.99    1.40
  30055.906     3.507    -0.18    1.65
  30344.385     3.230    -0.96    1.64
  30632.849     3.287     0.20    1.72
  30921.297     3.238    -0.17    1.81
  31209.730     3.363     0.43    1.88
  31498.146     3.216    -0.51    1.67
  31786.547     3.230     0.05    1.67
  32074.933     3.244     0.05    1.61
  32363.302     3.281     0.13    1.55
  32651.656     3.186    -0.33    1.55
  32939.994     3.142    -0.15    1.60
  33228.316     3.029    -0.39    1.74
  33516.623     2.804    -0.78    1.85
  33804.914     2.686    -0.41    1.86
  34093.189     2.600    -0.30    1.89
  34381.448     2.034    -1.96    1.67
  34669.692     1.861    -0.60    1.61
  34957.920     1.716    -0.50    1.61
  35246.133     1.260    -1.58    1.44
  35534.329     1.157    -0.36    1.61
  35822.510     0.878    -0.97    1.56
  36110.676     0.701    -0.61    1.61
  36398.825     0.407    -1.02    1.83
  36686.959     0.034    -1.29    1.62
  36975.078    -0.009    -0.15    1.59
  37263.180    -0.113    -0.36    1.47
  37551.267    -0.085     0.10    1.58
  37839.338    -0.167    -0.28    1.47
  38127.394    -0.179    -0.04    1.42
  38415.434    -0.154     0.09    1.42
  38703.458    -0.082     0.25    1.48
  38991.467    -0.024     0.20    1.41
  39279.460     0.058     0.28    1.37
  39567.437     0.030    -0.10    1.22
  39855.399     0.015    -0.05    1.20
  40143.345    -0.034    -0.17    1.19
  40431.275    -0.060    -0.09    1.22
  40719.190    -0.199    -0.48    1.28
  41007.089    -0.127     0.25    1.46
  41294.973    -0.179    -0.18    1.57
  41582.841    -0.285    -0.37    1.52
  41870.693    -0.442    -0.55    1.40
  42158.530    -0.553    -0.39    1.28
  42446.351    -0.799    -0.86    1.15
  42734.156    -0.911    -0.39    1.07
  43021.946    -0.956    -0.16    1.18
  43309.720    -0.899     0.20    1.29
  43597.479    -1.067    -0.58    1.41
  43885.222    -1.009     0.20    1.44
  44172.949    -1.125    -0.40    1.48
  44460.661    -1.299    -0.60    1.57
  44748.357    -1.593    -1.02    1.63
  45036.038    -1.681    -0.31    1.61
  45323.703    -2.024    -1.19    1.71
  45611.352    -2.212    -0.65    1.63
  45898.986    -2.415    -0.71    1.58
  46186.604    -2.490    -0.26    1.79
  46474.207    -2.461     0.10    1.76
  46761.794    -2.725    -0.92    1.66
  47049.366    -2.740    -0.05    1.57
  47336.922    -2.896    -0.54    1.59
  47624.462    -2.946    -0.17    1.53
  47911.987    -2.995    -0.17    1.41
  48199.497    -3.024    -0.10    1.42
  48486.990    -3.314    -1.01    1.23
  48774.469    -3.269     0.15    1.26
  49061.931    -3.372    -0.36    1.27
  49349.379    -3.448    -0.26    1.36
  49636.810    -3.553    -0.36    1.44
  49924.226    -3.519     0.12    1.46
  50211.627    -3.427     0.32    1.50
  50499.012    -3.456    -0.10    1.44
  50786.381    -3.742    -0.99    1.36
  51073.735    -3.843    -0.35    1.41
  51361.074    -4.181    -1.18    1.51
  51648.397    -4.523    -1.19    1.70
  51935.704    -4.872    -1.22    1.66
  52222.996    -5.256    -1.34    1.64
  52510.272    -5.560    -1.06    1.49
  52797.533    -5.637    -0.27    1.42
  53084.779    -5.764    -0.44    1.35
  53372.009    -5.843    -0.28    1.32
  53659.223    -5.799     0.15    1.50
  53946.422    -5.732     0.23    1.61
  54233.605    -5.617     0.40    1.58
  54520.773    -5.613     0.01    1.57
  54807.926    -5.618    -0.02    1.67
  55095.063    -5.674    -0.20    1.67
  55382.184    -5.727    -0.19    1.75
  55669.290    -6.082    -1.23    1.67
  55956.381    -6.402    -1.12    1.63
  56243.456    -6.585    -0.64    1.55
  56530.515    -6.637    -0.18    1.39
  56817.559    -6.856    -0.76    1.29
  57104.588    -6.927    -0.25    1.29
  57391.601    -6.938    -0.04    1.35
  57678.599    -7.009    -0.25    1.34
  57965.581    -6.755     0.89    1.50
  58252.548    -6.814    -0.20    1.52
  58539.500    -6.843    -0.10    1.47
  58826.436    -6.711     0.46    1.42
  59113.356    -6.799    -0.31    1.44
  59400.261    -6.956    -0.55    1.39
  59687.151    -7.228    -0.95    1.40
  59974.025    -7.342    -0.40    1.29
  60260.884    -7.429    -0.30    1.35
  60547.728    -7.508    -0.27    1.40
  60834.556    -7.556    -0.17    1.40
  61121.368    -7.696    -0.49    1.38
  61408.165    -7.769    -0.26    1.33
  61694.947    -7.856    -0.30    1.37
  61981.713    -8.085    -0.80    1.35
  62268.464    -8.313    -0.80    1.31
  62555.200    -8.560    -0.86    1.29
  62841.920    -8.672    -0.39    1.24
  63128.625    -8.593     0.28    1.34
  63415.314    -8.784    -0.67    1.29
  63701.988    -8.990    -0.72    1.37
  63988.647    -8.763     0.79    1.50
  64275.290    -8.813    -0.18    1.51
  64561.918    -8.806     0.02    1.49
  64848.530    -8.777     0.10    1.42
  65138.441    -8.843    -0.23    1.34
  65428.388    -8.828     0.05    1.34
  65718.319    -8.890    -0.21    1.35
  66008.235    -8.951    -0.21    1.19
  66298.134    -8.979    -0.10    1.23
  66588.018    -8.980    -0.00    1.40
  66877.887    -9.042    -0.21    1.44
  67167.739    -9.299    -0.89    1.45
  67457.576    -9.179     0.41    1.45
  67747.397    -9.372    -0.67    1.40
  68037.202    -9.475    -0.36    1.41
  68326.991    -9.623    -0.51    1.24
  68616.765    -9.646    -0.08    1.31
  68906.522    -9.690    -0.15    1.37
  69196.264    -9.806    -0.40    1.35
  69485.991    -9.762     0.15    1.26
  69775.701    -9.866    -0.36    1.23
  70065.396   -10.019    -0.53    1.27
  70355.075   -10.154    -0.46    1.30
  70644.738   -10.200    -0.16    1.29
  70934.386   -10.256    -0.19    1.32
  71224.017   -10.446    -0.66    1.41
  71513.634   -10.637    -0.66    1.51
  71803.234   -10.791    -0.53    1.49
  72092.818   -10.950    -0.55    1.45
  72382.387   -11.113    -0.56    1.27
  72671.940   -11.241    -0.44    1.26
  72961.478   -11.396    -0.54    1.21
  73250.999   -11.552    -0.54    1.26
  73540.505   -11.578    -0.09    1.28
  73829.996   -11.490     0.30    1.31
  74119.470   -11.429     0.21    1.32
  74408.929   -11.487    -0.20    1.32
  74698.372   -11.470     0.06    1.41
  74987.800   -11.599    -0.44    1.42
  75277.211   -11.578     0.07    1.39
  75566.607   -11.711    -0.46    1.47
  75855.988   -12.064    -1.22    1.47
  76145.352   -12.093    -0.10    1.39
  76434.701   -12.240    -0.51    1.31
  76724.035   -12.431    -0.66    1.40
  77013.352   -12.777    -1.20    1.46
  77302.654   -13.053    -0.95    1.66
  77591.941   -13.490    -1.51    1.53
  77881.211   -13.608    -0.41    1.52
  78170.466   -13.902    -1.02    1.63
  78459.705   -13.799     0.36    1.68
  78748.929   -14.013    -0.74    1.55
  79038.137   -13.820     0.67    1.52
  79327.329   -13.887    -0.23    1.42
  79616.506   -13.879     0.03    1.46
  79905.667   -13.937    -0.20    1.54
  80194.812   -14.135    -0.69    1.52
  80483.942   -14.402    -0.92    1.37
  80773.056   -14.490    -0.31    1.40
  81062.155   -14.679    -0.65    1.25
  81351.238   -14.670     0.03    1.29
  81640.305   -14.618     0.18    1.16
  81929.356   -14.705    -0.30    1.06
  82218.392   -14.732    -0.09    1.12
  82507.413   -14.829    -0.34    1.04
  82796.417   -14.725     0.36    0.94
  83085.407   -14.734    -0.03    0.90
  83374.380   -14.750    -0.06    0.89
  83663.338   -14.734     0.06    0.96
  83952.280   -14.806    -0.25    1.01
  84241.207   -14.917    -0.38    1.08
  84530.118   -14.872     0.15    1.10
  84819.014   -14.931    -0.20    1.21
  85107.894   -14.893     0.13    1.43
  85396.758   -15.142    -0.86    1.43
  85685.607   -15.214    -0.25    1.44
  85974.440   -15.197     0.06    1.32
  86263.257   -15.456    -0.90    1.37
  86552.059   -15.642    -0.64    1.24
  86840.846   -15.593     0.17    1.27
  87129.617   -15.564     0.10    1.32
  87418.372   -15.618    -0.19    1.43
  87707.112   -15.618     0.00    1.58
  87995.836   -15.510     0.37    1.51
  88284.545   -15.792    -0.97    1.58
  88573.238   -15.872    -0.28    1.76
  88861.915   -15.875    -0.01    1.63
  89150.577   -16.011    -0.47    1.64
  89439.224   -16.034    -0.08    1.58
  89727.855   -15.951     0.29    1.52
  90016.470   -15.905     0.16    1.33
  90305.070   -15.908    -0.01    1.30
  90593.654   -16.038    -0.45    1.17
  90882.223   -16.181    -0.50    1.19
  91170.776   -16.167     0.05    1.16
  91459.314   -16.135     0.11    1.19
  91747.836   -16.270    -0.47    1.24
  92036.343   -16.357    -0.30    1.54
  92324.834   -16.369    -0.04    1.97
  92613.310   -16.603    -0.81    2.13
  92901.770   -16.784    -0.63    2.13
  93190.215   -16.887    -0.36    2.43
  93478.644   -16.971    -0.29    2.45
  93767.057   -16.696     0.95    2.55
  94055.456   -17.070    -1.30    2.51
  94343.838   -17.125    -0.19    2.46
  94632.205   -17.186    -0.21    2.39
  94920.557   -17.429    -0.84    2.20
  95208.893   -17.299     0.45    2.02
  95497.214   -17.390    -0.32    2.07
  95785.519   -17.511    -0.42    2.03
  96073.809   -17.748    -0.82    1.93
  96362.084   -17.690     0.20    1.80
  96650.342   -17.713    -0.08    1.79
  96938.586   -17.627     0.30    1.73
  97226.814   -17.740    -0.39    1.53
  97515.026   -17.799    -0.20    1.28
  97803.223   -18.034    -0.82    1.33
  98091.405   -18.117    -0.29    1.31
  98379.571   -18.356    -0.83    1.30
  98667.722   -18.560    -0.71    1.22
  98955.857   -18.721    -0.56    1.18
  99243.977   -18.893    -0.60    1.18
  99532.081   -19.067    -0.60    1.07
  99820.170   -19.093    -0.09    1.15
 100108.244   -19.343    -0.87    1.20
 100396.302   -19.431    -0.31    1.18
 100684.344   -19.440    -0.03    1.38
 100972.372   -19.487    -0.17    1.39
 101260.383   -19.609    -0.42    1.34
 101548.380   -19.763    -0.53    1.29
 101836.361   -19.990    -0.79    1.36
 102124.326   -20.026    -0.13    1.41
 102412.277   -20.132    -0.37    1.55
 102700.211   -20.328    -0.68    1.49
 102988.131   -20.299     0.10    1.67
 103276.035   -20.513    -0.74    1.67
 103563.923   -20.727    -0.74    1.71
 103851.797   -20.980    -0.88    1.79
 104139.654   -21.137    -0.55    1.79
 104427.497   -21.093     0.15    1.89
 104715.324   -21.194    -0.35    1.88
 105003.136   -21.342    -0.51    1.57
 105290.932   -21.487    -0.51    1.53
 105578.713   -21.623    -0.47    1.49
 105866.478   -21.792    -0.59    1.44
 106154.229   -21.893    -0.35    1.38
 106441.963   -21.872     0.07    1.33
 106729.683   -21.881    -0.03    1.28
 107017.387   -21.828     0.18    1.34
 107305.076   -21.642     0.65    1.42
 107592.749   -21.371     0.94    1.44
 107880.407   -20.961     1.43    1.36
 108168.050   -20.777     0.64    1.49
 108455.677   -20.763     0.05    1.66
 108743.289   -20.556     0.72    1.69
 109030.886   -20.405     0.53    1.82
 109318.467   -20.696    -1.01    1.90
 109606.034   -20.893    -0.69    1.98
 109893.584   -21.426    -1.85    2.10
 110181.120   -21.980    -1.93    2.13
 110468.640   -22.342    -1.26    2.16
 110756.145   -23.064    -2.51    1.68
 111043.634   -23.511    -1.56    1.26
 111331.108   -23.755    -0.85    1.14
 111618.567   -23.777    -0.08    1.32
 111906.010   -23.705     0.25    1.34
 112193.439   -23.468     0.82    1.51
 112480.852   -23.009     1.60    1.94
 112768.249   -22.727     0.98    2.05
 113055.632   -22.314     1.44    2.09
 113342.999   -22.090     0.78    1.89
 113630.350   -22.064     0.09    1.78
 113917.687   -22.343    -0.97    1.71
 114205.008   -22.595    -0.88    1.72
 114492.314   -22.820    -0.78    1.71
 114779.605   -22.676     0.50    1.90
 115066.880   -23.024    -1.21    1.74
 115354.140   -23.087    -0.22    1.80
 115641.385   -23.178    -0.32    1.78
 115928.615   -23.196    -0.06    1.85
 116215.829   -23.209    -0.05    2.01
 116503.028   -23.371    -0.56    2.02
 116790.212   -23.470    -0.34    1.96
 117077.380   -23.699    -0.80    2.00
 117364.534   -23.719    -0.07    1.90
 117651.672   -23.791    -0.25    1.67
 117938.795   -23.652     0.49    1.59
 118225.902   -23.672    -0.07    1.50
 118512.995   -23.618     0.19    1.70
 118800.072   -23.927    -1.08    1.67
 119087.134   -24.056    -0.45    1.70
 119374.180   -24.342    -0.99    1.74
 119661.212   -24.585    -0.85    1.86
 119948.228   -24.627    -0.15    1.89
 120235.229   -24.740    -0.39    1.88
 120522.215   -24.956    -0.75    1.78
 120809.185   -25.085    -0.45    1.68
 121096.141   -25.185    -0.35    1.47
 121383.081   -25.450    -0.93    1.58
 121670.006   -25.456    -0.02    1.64
 121956.916   -25.676    -0.77    1.62
 122243.810   -25.723    -0.17    1.60
 122530.690   -25.828    -0.37    1.55
 122817.554   -25.866    -0.13    1.82
 123104.403   -26.038    -0.60    1.88
 123391.237   -25.799     0.83    2.08
 123678.055   -25.970    -0.60    2.04
 123964.859   -26.113    -0.50    2.07
 124251.647   -26.224    -0.39    1.99
 124538.420   -26.578    -1.23    1.71
 124825.178   -26.435     0.50    1.76
 125111.921   -26.269     0.58    1.71
 125398.649   -26.096     0.60    1.70
 125685.361   -26.154    -0.20    1.74
 125972.058   -26.313    -0.55    1.63
 126258.740   -26.386    -0.25    1.68
 126545.407   -26.299     0.30    1.73
 126832.059   -25.961     1.18    2.18
 127120.218   -25.956     0.02    2.24
 127410.160   -25.887     0.24    2.10
 127700.087   -25.627     0.90    1.97
 127989.999   -25.299     1.13    2.04
 128279.894   -25.003     1.02    1.87
 128569.775   -24.835     0.58    1.69
 128859.639   -25.026    -0.66    1.76
 129149.489   -25.418    -1.35    1.69
 129439.322   -25.717    -1.03    1.59
 129729.140   -25.887    -0.59    1.71
 130018.943   -26.139    -0.87    1.81
 130308.730   -26.327    -0.65    1.83
 130598.501   -26.299     0.10    1.78
 130888.257   -26.372    -0.25    1.95
 131177.998   -26.417    -0.15    2.11
 131467.723   -26.314     0.35    2.29
 131757.432   -26.415    -0.35    2.15
 132047.126   -26.342     0.25    2.26
 132336.804   -26.420    -0.27    2.36
 132626.467   -26.490    -0.24    2.21
 132916.115   -26.490     0.00    2.08
 133205.747   -26.511    -0.07    2.09
 133495.363   -26.314     0.68    2.09
 133784.964   -26.224     0.31    2.05
 134074.549   -26.150     0.26    2.21
 134364.119   -26.154    -0.01    2.06
 134653.674   -26.154     0.00    2.07
 134943.213   -26.181    -0.09    2.10
 135232.736   -26.045     0.47    1.94
 135522.244   -26.269    -0.77    1.87
 135811.737   -26.238     0.11    1.72
 136101.214   -26.485    -0.85    1.70
 136390.675   -26.736    -0.87    1.73
 136680.121   -26.734     0.01    1.88
 136969.552   -26.902    -0.58    1.86
 137258.967   -26.911    -0.03    1.88
 137548.367   -27.056    -0.50    1.87
 137837.751   -26.946     0.38    2.13
 138127.120   -27.299    -1.22    2.12
 138416.474   -27.299     0.00    2.28
 138705.812   -27.356    -0.20    2.26
 138995.134   -27.328     0.10    2.26
 139284.441   -27.167     0.56    2.38
 139573.733   -26.935     0.80    2.34
 139863.009   -26.917     0.06    2.17
 140152.270   -26.777     0.48    2.39
 140441.515   -26.705     0.25    2.16
 140730.745   -26.799    -0.33    2.22
 141019.960   -27.110    -1.08    2.30
 141309.159   -27.549    -1.52    2.40
 141598.343   -27.747    -0.68    2.37
 141887.511   -27.717     0.10    2.47
 142176.664   -27.696     0.07    2.41
 142465.802   -27.792    -0.33    2.47
 142754.924   -27.785     0.02    2.48
 143044.030   -27.827    -0.15    2.41
 143333.122   -27.975    -0.51    2.26
 143622.198   -28.093    -0.41    2.08
 143911.258   -28.526    -1.50    1.97
 144200.303   -28.612    -0.30    2.15
 144489.333   -29.313    -2.43    2.35
 144778.348   -29.931    -2.14    2.16
 145067.347   -30.257    -1.13    2.30
 145356.330   -30.719    -1.60    2.30
 145645.299   -31.269    -1.90    2.03
 145934.252   -31.564    -1.02    1.56
 146223.189   -31.687    -0.43    1.33
 146512.112   -31.413     0.95    1.48
 146801.018   -31.299     0.40    1.51
 147089.910   -31.227     0.25    1.44
 147378.786   -30.899     1.14    1.36
 147667.647   -30.632     0.92    1.46
 147956.492   -30.358     0.95    1.74
 148245.323   -30.056     1.04    1.83
 148534.137   -30.102    -0.16    1.83
 148822.937   -29.917     0.64    1.91
 149111.721   -29.647     0.93    1.98
 149400.490   -29.627     0.07    1.91
 149689.243   -29.397     0.80    1.76
 149977.981   -29.224     0.60    1.72
 150266.704   -29.137     0.30    2.30
 150555.412   -29.568    -1.49    2.72
 150844.104   -30.197    -2.18    3.31
 151132.781   -31.185    -3.42    4.01
 151421.443   -32.142    -3.32    4.43
 151710.089   -33.531    -4.81    4.39
 151998.720   -34.568    -3.59    4.11
 152287.336   -35.372    -2.79    3.86
 152575.936   -36.178    -2.79    3.21
 152864.521   -36.344    -0.58    3.14
 153153.091   -36.896    -1.91    2.59
 153441.646   -37.284    -1.35    2.21
 153730.185   -37.510    -0.78    1.52
 154018.709   -37.685    -0.60    1.13
 154307.217   -37.851    -0.58    1.05
 154595.711   -37.872    -0.07    1.04
 154884.189   -37.762     0.38    1.25
 155172.652   -37.505     0.89    1.42
 155461.100   -37.603    -0.34    1.49
 155749.532   -37.585     0.06    1.49
 156037.949   -37.608    -0.08    1.35
 156326.351   -37.496     0.39    1.32
 156614.738   -37.519    -0.08    1.40
 156903.109   -37.405     0.40    1.31
 157191.465   -37.403     0.01    1.24
 157479.806   -37.034     1.28    1.33
 157768.132   -36.622     1.43    1.27
 158056.442   -36.440     0.63    1.37
 158344.737   -36.513    -0.25    1.51
 158633.017   -36.597    -0.29    1.61
 158921.282   -36.814    -0.75    1.68
 159209.531   -37.135    -1.11    1.55
 159497.765   -37.564    -1.49    1.40
 159785.985   -37.770    -0.72    1.30
 160074.188   -37.713     0.20    1.27
 160362.377   -37.828    -0.40    1.07
 160650.550   -37.881    -0.18    1.10
 160938.709   -37.762     0.41    1.15
 161226.852   -37.784    -0.08    1.14
 161514.979   -37.941    -0.54    1.21
 161803.092   -38.196    -0.89    1.15
 162091.189   -38.431    -0.82    1.13
 162379.272   -38.685    -0.88    1.09
 162667.339   -38.985    -1.04    1.00
 162955.390   -39.137    -0.53    0.97
 163243.427   -39.269    -0.46    1.15
 163531.448   -39.375    -0.37    1.35
 163819.455   -39.344     0.11    1.40
 164107.446   -39.412    -0.24    1.43
 164395.422   -39.402     0.03    1.46
 164683.383   -39.468    -0.23    1.51
 164971.328   -39.461     0.03    1.49
 165259.259   -39.508    -0.16    1.45
 165547.174   -39.637    -0.45    1.27
 165835.074   -39.523     0.40    1.28
 166122.959   -39.593    -0.24    1.33
 166410.829   -39.705    -0.39    1.24
 166698.684   -39.727    -0.08    1.21
 166986.523   -39.770    -0.15    1.19
 167274.348   -39.755     0.05    1.07
 167562.157   -39.608     0.51    1.32
 167849.951   -39.450     0.55    1.37
 168137.730   -39.360     0.32    1.36
 168425.494   -39.385    -0.09    1.32
 168713.243   -39.314     0.25    1.33
 169000.976   -39.327    -0.05    1.30
 169288.695   -39.226     0.35    1.31
 169576.398   -39.375    -0.52    1.29
 169864.086   -39.508    -0.46    1.31
 170151.760   -39.693    -0.64    1.36
 170439.418   -39.742    -0.17    1.46
 170727.061   -39.922    -0.63    1.47
 171014.688   -40.085    -0.56    1.58
 171302.301   -40.199    -0.40    1.79
 171589.899   -40.255    -0.19    1.78
 171877.481   -40.475    -0.77    1.47
 172165.049   -40.556    -0.28    1.46
 172452.601   -40.926    -1.28    1.67
 172740.138   -41.328    -1.40    1.89
 173027.661   -41.763    -1.51    2.09
 173315.168   -42.456    -2.41    2.17
 173602.660   -42.487    -0.11    2.05
 173890.137   -42.564    -0.27    2.02
 174177.599   -42.433     0.45    2.00
 174465.046   -42.117     1.10    1.95
 174752.477   -41.755     1.26    1.80
 175039.894   -41.241     1.79    1.52
 175327.296   -40.893     1.21    1.19
 175614.682   -40.785     0.38    1.13
 175902.054   -40.589     0.68    1.13
 176189.411   -40.475     0.39    1.06
 176476.752   -40.360     0.40    1.04
 176764.078   -40.359     0.00    0.98
 177051.390   -40.374    -0.05    1.05
 177338.686   -40.328     0.16    0.95
 177625.968   -40.170     0.55    1.18
 177913.234   -40.181    -0.04    1.13
 178200.485   -40.156     0.09    1.28
 178487.721   -40.238    -0.29    1.18
 178774.943   -40.405    -0.58    1.12
 179062.149   -40.461    -0.19    1.19
 179349.340   -40.314     0.51    1.24
 179636.516   -40.313     0.00    1.17
 179923.677   -40.156     0.55    1.17
 180210.823   -39.835     1.12    1.11
 180497.955   -39.652     0.64    1.10
 180785.071   -39.403     0.87    1.17
 181072.172   -39.194     0.73    1.16
 181359.258   -38.941     0.88    1.37
 181646.329   -38.821     0.42    1.42
 181933.385   -38.740     0.28    1.45
 182220.427   -38.806    -0.23    1.37
 182507.453   -38.985    -0.62    1.43
 182794.464   -39.357    -1.30    1.30
 183081.460   -39.538    -0.63    1.28
 183368.442   -39.843    -1.06    1.11
 183655.408   -39.851    -0.03    1.08
 183942.359   -39.835     0.06    1.11
 184229.296   -39.727     0.38    1.25
 184516.217   -39.597     0.45    1.14
 184803.123   -39.431     0.58    1.18
 185090.015   -39.194     0.83    1.14
 185376.891   -38.911     0.99    1.07
 185663.753   -38.678     0.81    1.00
 185950.600   -38.582     0.33    1.03
 186237.431   -38.564     0.07    1.06
 186524.248   -38.417     0.51    1.00
 186811.050   -38.442    -0.09    1.04
 187097.837   -38.499    -0.20    1.04
 187384.609   -38.431     0.24    1.17
 187671.366   -38.402     0.10    1.24
 187958.108   -38.238     0.57    1.21
 188244.835   -38.132     0.37    1.24
 188531.547   -37.970     0.56    1.16
 188818.245   -37.806     0.57    1.21
 189104.927   -37.670     0.47    1.24
 189394.666   -37.622     0.17    1.29
 189684.589   -37.556     0.23    1.13
 189974.497   -37.435     0.42    1.21
 190264.390   -37.390     0.16    1.27
 190554.267   -37.386     0.01    1.37
 190844.129   -37.328     0.20    1.38
 191133.975   -37.499    -0.59    1.38
 191423.807   -37.750    -0.86    1.28
 191713.623   -37.917    -0.58    1.32
 192003.423   -38.196    -0.96    1.32
 192293.209   -38.314    -0.41    1.22
 192582.979   -38.328    -0.05    1.18
 192872.734   -38.284     0.15    1.14
 193162.473   -38.342    -0.20    1.10
 193452.198   -38.478    -0.47    1.09
 193741.907   -38.450     0.10    1.08
 194031.600   -38.681    -0.80    1.20
 194321.279   -38.814    -0.46    1.24
 194610.942   -39.005    -0.66    1.26
 194900.590   -39.075    -0.24    1.25
 195190.223   -39.360    -0.98    1.35
 195479.840   -39.734    -1.29    1.28
 195769.442   -39.806    -0.25    1.26
 196059.029   -40.160    -1.22    1.24
 196348.601   -40.402    -0.83    1.16
 196638.157   -40.723    -1.11    1.08
 196927.699   -40.917    -0.67    1.12
 197217.225   -41.113    -0.68    1.11
 197506.735   -41.328    -0.74    1.15
 197796.231   -41.578    -0.86    1.05
 198085.711   -41.596    -0.06    0.99
 198375.176   -41.740    -0.50    1.12
 198664.626   -41.875    -0.46    1.10
 198954.061   -41.999    -0.43    1.13
 199243.480   -42.144    -0.50    1.12
 199532.884   -42.005     0.48    1.16
 199822.273   -41.975     0.10    1.14
 200111.647   -41.981    -0.02    1.10
 200401.006   -41.966     0.05    1.11
 200690.349   -41.887     0.27    1.11
 200979.677   -41.931    -0.15    1.27
 201268.990   -41.885     0.16    1.23
 201558.288   -41.995    -0.38    1.32
 201847.571   -41.827     0.58    1.42
 202136.838   -41.523     1.05    1.23
 202426.090   -41.403     0.41    1.24
 202715.327   -41.034     1.28    1.29
 203004.549   -40.690     1.19    1.30
 203293.756   -40.458     0.80    1.31
 203582.947   -40.113     1.19    1.29
 203872.124   -40.034     0.27    1.28
 204161.285   -40.024     0.04    1.27
 204450.431   -40.026    -0.01    1.23
 204739.562   -40.056    -0.10    1.18
 205028.678   -39.956     0.35    1.20
 205317.778   -40.064    -0.37    1.24
 205606.864   -40.127    -0.22    1.22
 205895.934   -40.197    -0.24    1.25
 206184.989   -40.299    -0.35    1.23
 206474.029   -40.165     0.46    1.31
 206763.054   -40.284    -0.41    1.26
 207052.064   -40.225     0.20    1.26
 207341.058   -40.516    -1.01    1.33
 207630.038   -40.513     0.01    1.23
 207919.002   -40.415     0.34    1.21
 208207.951   -40.519    -0.36    1.28
 208496.886   -40.167     1.22    1.62
 208785.805   -39.667     1.73    1.92
 209074.708   -39.403     0.91    1.96
 209363.597   -38.785     2.14    1.92
 209652.471   -38.417     1.27    1.91
 209941.329   -37.806     2.11    1.98
 210230.173   -37.490     1.09    1.48
 210519.001   -37.435     0.19    1.48
 210807.814   -37.405     0.10    1.40
 211096.613   -37.314     0.31    1.37
 211385.396   -37.241     0.25    1.32
 211674.164   -37.137     0.36    1.45
 211962.917   -37.113     0.08    1.35
 212251.654   -37.056     0.20    1.23
 212540.377   -37.108    -0.18    1.31
 212829.085   -37.108     0.00    1.33
 213117.778   -37.130    -0.08    1.35
 213406.455   -37.193    -0.22    1.37
 213695.118   -37.585    -1.36    1.43
 213983.765   -37.705    -0.42    1.42
 214272.397   -37.719    -0.05    1.47
 214561.015   -37.799    -0.28    1.53
 214849.617   -37.769     0.10    1.60
 215138.204   -37.632     0.48    1.66
 215426.776   -37.591     0.14    1.79
 215715.333   -37.549     0.15    1.63
 216003.875   -37.578    -0.10    1.66
 216292.402   -37.485     0.32    1.50
 216580.914   -37.574    -0.31    1.33
 216869.411   -37.708    -0.46    1.26
 217157.893   -37.740    -0.11    1.24
 217446.360   -37.836    -0.33    1.18
 217734.812   -37.699     0.48    1.16
 218023.249   -37.632     0.23    1.18
 218311.671   -37.556     0.26    1.20
 218600.078   -37.413     0.50    1.39
 218888.469   -37.344     0.24    1.42
 219176.846   -37.284     0.21    1.48
 219465.208   -37.268     0.06    1.79
 219753.555   -37.087     0.63    2.03
 220041.887   -36.770     1.10    2.35
 220330.203   -36.851    -0.28    2.65
 220618.505   -36.770     0.28    2.89
 220906.792   -36.814    -0.15    2.97
 221195.064   -36.617     0.68    2.94
 221483.321   -36.784    -0.58    2.95
 221771.563   -36.996    -0.74    3.21
 222059.789   -37.082    -0.30    3.44
 222348.001   -37.417    -1.16    3.40
 222636.198   -37.885    -1.62    3.42
 222924.380   -38.070    -0.64    3.44
 223212.547   -38.578    -1.76    3.14
 223500.699   -38.784    -0.71    2.77
 223788.836   -38.930    -0.50    2.48
 224076.958   -38.866     0.22    2.37
 224365.066   -38.756     0.38    2.10
 224653.158   -38.647     0.38    2.02
 224941.235   -38.942    -1.02    1.78
 225229.297   -38.777     0.57    1.88
 225517.345   -38.711     0.23    1.74
 225805.377   -38.602     0.38    1.75
 226093.394   -38.514     0.30    1.87
 226381.397   -38.549    -0.12    2.22
 226669.385   -38.858    -1.07    2.69
 226957.357   -38.942    -0.29    2.72
 227245.315   -39.429    -1.69    2.36
 227533.258   -39.799    -1.28    2.26
 227821.186   -40.493    -2.41    1.82
 228109.099   -40.875    -1.33    1.43
 228396.997   -40.902    -0.09    1.26
 228684.880   -40.879     0.08    1.23
 228972.748   -40.864     0.05    1.16
 229260.602   -40.864     0.00    1.13
 229548.440   -40.792     0.25    1.18
 229836.264   -40.917    -0.43    1.23
 230124.072   -41.041    -0.43    1.30
 230411.866   -41.045    -0.01    1.46
 230699.645   -41.387    -1.19    1.40
 230987.409   -41.690    -1.05    1.43
 231275.158   -41.556     0.47    1.77
 231562.892   -41.828    -0.95    1.69
 231850.612   -41.917    -0.31    1.66
 232138.316   -41.837     0.28    1.83
 232426.006   -41.799     0.13    1.87
 232713.680   -41.814    -0.05    2.24
 233001.340   -42.167    -1.23    2.45
 233288.985   -42.785    -2.15    2.66
 233576.615   -43.082    -1.03    3.22
 233864.231   -43.313    -0.81    3.06
 234151.831   -43.597    -0.99    3.41
 234439.417   -43.884    -0.99    3.45
 234726.987   -44.019    -0.47    3.37
 235014.543   -44.049    -0.10    3.24
 235302.084   -44.013     0.12    2.74
 235589.610   -43.827     0.65    2.07
 235877.122   -43.740     0.30    1.57
 236164.618   -43.637     0.36    1.44
 236452.100   -43.723    -0.30    1.18
 236739.567   -43.844    -0.42    1.24
 237027.019   -43.747     0.34    1.21
 237314.456   -43.732     0.05    1.26
 237601.878   -43.545     0.65    1.34
 237889.286   -43.359     0.65    1.37
 238176.678   -43.313     0.16    1.38
 238464.056   -42.896     1.45    1.53
 238751.420   -42.799     0.34    1.67
 239038.768   -42.784     0.05    1.77
 239326.101   -42.791    -0.02    1.87
 239613.420   -42.618     0.60    1.93
 239900.724   -42.400     0.76    1.90
 240188.013   -42.225     0.61    1.99
 240475.287   -41.985     0.83    1.96
 240762.547   -41.899     0.30    1.79
 241049.792   -41.622     0.96    1.65
 241337.022   -41.391     0.80    1.52
 241624.237   -41.314     0.27    1.47
 241911.437   -41.564    -0.87    1.53
 242198.623   -41.914    -1.22    1.72
 242485.794   -42.168    -0.88    1.67
 242772.950   -42.241    -0.25    1.64
 243060.091   -42.330    -0.31    1.68
 243347.218   -42.475    -0.51    1.58
 243634.329   -42.541    -0.23    1.48
 243921.426   -42.313     0.79    1.43
 244208.509   -42.255     0.20    1.44
 244495.576   -42.085     0.59    1.40
 244782.629   -42.070     0.05    1.38
 245069.667   -42.090    -0.07    1.25
 245356.690   -41.931     0.55    1.21
 245643.699   -41.684     0.86    1.43
 245930.693   -41.223     1.60    1.92
 246217.672   -41.099     0.43    1.89
 246504.636   -40.858     0.84    1.87
 246791.586   -40.913    -0.19    1.88
 247078.521   -40.828     0.30    1.82
 247365.441   -41.060    -0.81    1.47
 247652.346   -41.432    -1.30    1.29
 247939.237   -41.515    -0.29    1.14
 248226.113   -41.617    -0.36    1.09
