#  174.078  -0.074   0.755 ;Mean Elev.(m), Avg Gradient(m/km), RMS Gradient(m/km) - SRTM1     
#  178.869   0.097   0.929 ;Mean Elev.(m), Avg Gradient(m/km), RMS Gradient(m/km) - ASTER GDEM
#  174.299  -1.973  49.186 ;Mean Elev.(m), Avg Gradient(m/km), RMS Gradient(m/km) - GMTED2010 
   1   175.760 54667.53870951 41.93  71.050004  32.046695   -100 -100.00 -100.00 -100.00
   1   175.993 54667.53871010 35.87  71.051324  32.044298 25.996 -100.00 -100.00 -100.00
   1   175.759 54667.53871069 37.38  71.052645  32.041902   -100 -100.00 -100.00 -100.00
   1   175.945 54667.53871128 35.90  71.053965  32.039505 26.918 -100.00 -100.00 -100.00
   2   175.707 54677.45435432 50.24  71.050808  32.044287 20.025 -100.00 -100.00 -100.00
   2   175.709 54677.45435491 53.19  71.052129  32.041891 29.872 -100.00 -100.00 -100.00
   2   175.728 54677.45435550 45.86  71.053449  32.039494   -100 -100.00 -100.00 -100.00
   8   175.427 54736.94823047 48.72  71.046784  32.039471   -100 -100.00 -100.00 -100.00
   8   175.377 54736.94823107 51.98  71.048104  32.037075  6.342 -100.00 -100.00 -100.00
   9   174.931 54746.86387787 46.90  71.046462  32.037572 29.461 -100.00 -100.00 -100.00
   9   174.547 54746.86387847 50.95  71.047782  32.035175  1.270 -100.00 -100.00 -100.00
   9   174.606 54746.86387906 54.87  71.049102  32.032779  7.457 -100.00 -100.00 -100.00
  10   173.758 54756.77952415 45.15  71.046229  32.038755   -100 -100.00 -100.00 -100.00
  10   173.452 54756.77952474 47.14  71.047550  32.036359 15.518 -100.00 -100.00 -100.00
  11   173.560 54766.69516871 43.72  71.046951  32.039752   -100 -100.00 -100.00 -100.00
  11   173.509 54766.69516930 45.79  71.048271  32.037355 14.301 -100.00 -100.00 -100.00
  12   174.865 54776.61081043 47.13  71.047801  32.039288   -100 -100.00 -100.00 -100.00
  12   174.798 54776.61081102 48.88  71.049121  32.036892   -100 -100.00 -100.00 -100.00
  13   174.571 54786.52644942 44.71  71.047141  32.040280   -100 -100.00 -100.00 -100.00
  13   174.460 54786.52645001 49.23  71.048462  32.037883   -100 -100.00 -100.00 -100.00
  14   174.253 54796.44208806 48.02  71.048422  32.039265 12.742 -100.00 -100.00 -100.00
  14   174.477 54796.44208865 49.76  71.049742  32.036868   -100 -100.00 -100.00 -100.00
  15   173.888 54806.35772550 41.60  71.049569  32.043629   -100 -100.00 -100.00 -100.00
  15   173.970 54806.35772609 43.76  71.050890  32.041233   -100 -100.00 -100.00 -100.00
  15   173.888 54806.35772668 45.83  71.052210  32.038836   -100 -100.00 -100.00 -100.00
  18   173.591 54836.10465116 39.38  71.050016  32.043923   -100 -100.00 -100.00 -100.00
  18   172.219 54836.10465175 42.91  71.051336  32.041527  2.549 -100.00 -100.00 -100.00
  18   172.214 54836.10465234 43.94  71.052656  32.039130 11.535 -100.00 -100.00 -100.00
  19   173.633 54846.02030131 40.26  71.047291  32.041328   -100 -100.00 -100.00 -100.00
  19   173.057 54846.02030190 41.93  71.048611  32.038932   -100 -100.00 -100.00 -100.00
  19   173.203 54846.02030249 45.15  71.049931  32.036535   -100 -100.00 -100.00 -100.00
  20   173.757 54855.93595077 43.89  71.046688  32.038739   -100 -100.00 -100.00 -100.00
  20   173.539 54855.93595136 45.87  71.048008  32.036342   -100 -100.00 -100.00 -100.00
  21   173.960 54865.85159936 40.81  71.046414  32.039617   -100 -100.00 -100.00 -100.00
  21   173.717 54865.85159995 43.78  71.047734  32.037220   -100 -100.00 -100.00 -100.00
  22   174.265 54875.76724775 45.58  71.047226  32.039022   -100 -100.00 -100.00 -100.00
  22   174.097 54875.76724834 48.27  71.048546  32.036626   -100 -100.00 -100.00 -100.00
  23   174.256 54885.68289277 45.85  71.046828  32.040339   -100 -100.00 -100.00 -100.00
  23   174.171 54885.68289337 50.05  71.048148  32.037943  4.120 -100.00 -100.00 -100.00
  24   174.683 54895.59853508 44.99  71.046370  32.037984 29.773 -100.00 -100.00 -100.00
  24   174.347 54895.59853567 49.31  71.047690  32.035588   -100 -100.00 -100.00 -100.00
  24   174.184 54895.59853626 53.23  71.049010  32.033192 30.043 -100.00 -100.00 -100.00
  25   174.138 54905.51417466 47.07  71.045017  32.036293  7.657 -100.00 -100.00 -100.00
  25   174.365 54905.51417526 49.29  71.046337  32.033896   -100 -100.00 -100.00 -100.00
  25   174.228 54905.51417585 51.02  71.047657  32.031500  4.211 -100.00 -100.00 -100.00
  25   174.370 54905.51417644 52.81  71.048977  32.029104   -100 -100.00 -100.00 -100.00
  25   174.121 54905.51417703 45.87  71.050297  32.026707   -100 -100.00 -100.00 -100.00
  26   174.162 54915.42981293 45.03  71.044482  32.037015  4.113 -100.00 -100.00 -100.00
  26   174.171 54915.42981352 46.04  71.045802  32.034618  3.459 -100.00 -100.00 -100.00
  26   174.203 54915.42981411 45.89  71.047123  32.032222   -100 -100.00 -100.00 -100.00
  26   174.195 54915.42981470 45.53  71.048443  32.029826   -100 -100.00 -100.00 -100.00
  26   174.225 54915.42981529 40.81  71.049762  32.027429   -100 -100.00 -100.00 -100.00
  26   174.262 54915.42981588 47.94  71.051082  32.025033   -100 -100.00 -100.00 -100.00
  27   174.238 54925.34545122 46.30  71.046067  32.037940   -100 -100.00 -100.00 -100.00
  27   174.154 54925.34545181 47.93  71.047387  32.035544   -100 -100.00 -100.00 -100.00
  27   174.122 54925.34545240 50.28  71.048707  32.033148 15.191 -100.00 -100.00 -100.00
  28   174.966 54935.26108869 30.22  71.048590  32.040163   -100 -100.00 -100.00 -100.00
  28   174.850 54935.26108928 29.79  71.049910  32.037767 31.442 -100.00 -100.00 -100.00
  29   175.698 54945.17672369 46.26  71.050201  32.044739   -100 -100.00 -100.00 -100.00
  29   175.385 54945.17672428 49.19  71.051521  32.042343  1.578 -100.00 -100.00 -100.00
  29   175.360 54945.17672487 50.31  71.052841  32.039947 15.724 -100.00 -100.00 -100.00
  31   176.322 54965.00800366 44.93  71.049690  32.046016 25.728 -100.00 -100.00 -100.00
  31   175.820 54965.00800425 49.05  71.051011  32.043620   -100 -100.00 -100.00 -100.00
  31   175.771 54965.00800484 53.47  71.052331  32.041224 23.105 -100.00 -100.00 -100.00
  31   175.757 54965.00800543 54.31  71.053651  32.038827   -100 -100.00 -100.00 -100.00
  32   176.257 54974.92365245 46.36  71.049277  32.041690   -100 -100.00 -100.00 -100.00
  32   176.170 54974.92365304 45.98  71.050597  32.039293   -100 -100.00 -100.00 -100.00
  32   176.233 54974.92365363 47.00  71.051917  32.036897   -100 -100.00 -100.00 -100.00
  33   176.271 54984.83929972 49.26  71.048755  32.042206  0.308 -100.00 -100.00 -100.00
  33   176.250 54984.83930031 49.26  71.050075  32.039810   -100 -100.00 -100.00 -100.00
  33   176.248 54984.83930090 49.78  71.051396  32.037414   -100 -100.00 -100.00 -100.00
  35   175.960 55004.67059248 48.29  71.049522  32.044743   -100 -100.00 -100.00 -100.00
  35   175.903 55004.67059307 47.82  71.050842  32.042347   -100 -100.00 -100.00 -100.00
  35   175.842 55004.67059366 47.16  71.052162  32.039951   -100 -100.00 -100.00 -100.00
  35   175.798 55004.67059425 44.88  71.053482  32.037554   -100 -100.00 -100.00 -100.00
  36   175.917 55014.58623691 41.48  71.050051  32.041737   -100 -100.00 -100.00 -100.00
  36   175.835 55014.58623750 42.56  71.051371  32.039341   -100 -100.00 -100.00 -100.00
  37   175.604 55024.50187954 43.91  71.049162  32.040660   -100 -100.00 -100.00 -100.00
  37   175.719 55024.50188014 43.79  71.050483  32.038264   -100 -100.00 -100.00 -100.00
  38   176.047 55034.41752162 48.09  71.048859  32.040855   -100 -100.00 -100.00 -100.00
  38   175.991 55034.41752221 48.97  71.050179  32.038459  0.799 -100.00 -100.00 -100.00
  39   176.467 55044.33316285 50.36  71.049752  32.042984   -100 -100.00 -100.00 -100.00
  39   176.385 55044.33316344 45.42  71.051073  32.040588   -100 -100.00 -100.00 -100.00
  39   176.099 55044.33316403 43.90  71.052393  32.038191   -100 -100.00 -100.00 -100.00
  42   176.217 55074.08008674 48.27  71.050500  32.045450   -100 -100.00 -100.00 -100.00
  42   176.017 55074.08008733 45.30  71.051820  32.043054   -100 -100.00 -100.00 -100.00
  42   175.917 55074.08008792 47.56  71.053141  32.040657   -100 -100.00 -100.00 -100.00
  42   175.805 55074.08008851 45.99  71.054461  32.038261   -100 -100.00 -100.00 -100.00
  43   176.010 55083.99573528 49.35  71.047568  32.041609   -100 -100.00 -100.00 -100.00
  43   175.852 55083.99573587 50.29  71.048888  32.039213   -100 -100.00 -100.00 -100.00
  43   175.783 55083.99573646 53.16  71.050208  32.036816 13.829 -100.00 -100.00 -100.00
  44   175.932 55093.91138200 51.17  71.046276  32.038727   -100 -100.00 -100.00 -100.00
  44   175.703 55093.91138259 52.05  71.047596  32.036330  2.289 -100.00 -100.00 -100.00
  45   175.289 55103.82702795 45.86  71.045963  32.038717   -100 -100.00 -100.00 -100.00
  45   175.146 55103.82702854 49.35  71.047284  32.036321 11.092 -100.00 -100.00 -100.00
  46   175.178 55113.74267390 46.37  71.047269  32.037973   -100 -100.00 -100.00 -100.00
  46   175.105 55113.74267449 51.14  71.048589  32.035576  5.544 -100.00 -100.00 -100.00
  47   174.733 55123.65831658 45.13  71.046949  32.040612   -100 -100.00 -100.00 -100.00
  47   174.288 55123.65831717 47.16  71.048269  32.038216   -100 -100.00 -100.00 -100.00
  47   173.841 55123.65831776 50.28  71.049590  32.035819 13.515 -100.00 -100.00 -100.00
  48   174.658 55133.57395697 44.64  71.047383  32.041002   -100 -100.00 -100.00 -100.00
  48   174.440 55133.57395756 44.87  71.048704  32.038605   -100 -100.00 -100.00 -100.00
  48   173.825 55133.57395815 49.35  71.050024  32.036209 21.162 -100.00 -100.00 -100.00
  49   174.615 55143.48959556 40.98  71.047553  32.040645   -100 -100.00 -100.00 -100.00
  49   174.244 55143.48959615 43.02  71.048874  32.038248   -100 -100.00 -100.00 -100.00
  50   174.304 55153.40523390 45.95  71.048324  32.040285   -100 -100.00 -100.00 -100.00
  50   174.471 55153.40523449 45.63  71.049645  32.037889   -100 -100.00 -100.00 -100.00
  51   174.225 55163.32087243 44.57  71.049625  32.042060   -100 -100.00 -100.00 -100.00
  51   174.086 55163.32087302 47.97  71.050946  32.039663   -100 -100.00 -100.00 -100.00
  51   174.223 55163.32087361 48.29  71.052266  32.037266   -100 -100.00 -100.00 -100.00
  52   174.781 55173.23651000 42.05  71.050458  32.047365 26.508 -100.00 -100.00 -100.00
  52   174.327 55173.23651059 45.30  71.051778  32.044969   -100 -100.00 -100.00 -100.00
  52   174.025 55173.23651118 47.04  71.053099  32.042572   -100 -100.00 -100.00 -100.00
  52   174.177 55173.23651177 50.08  71.054419  32.040176   -100 -100.00 -100.00 -100.00
  54   173.099 55193.06779945 42.08  71.050796  32.047260   -100 -100.00 -100.00 -100.00
  54   173.035 55193.06780004 45.33  71.052117  32.044864   -100 -100.00 -100.00 -100.00
  55   172.412 55202.98345041 42.96  71.049199  32.042602   -100 -100.00 -100.00 -100.00
  55   172.579 55202.98345100 46.03  71.050519  32.040206   -100 -100.00 -100.00 -100.00
  55   172.447 55202.98345159 47.21  71.051839  32.037809  9.161 -100.00 -100.00 -100.00
  56   173.648 55212.89909983 42.52  71.047397  32.041361   -100 -100.00 -100.00 -100.00
  56   173.321 55212.89910042 45.29  71.048717  32.038964  3.235 -100.00 -100.00 -100.00
  56   173.266 55212.89910101 44.29  71.050037  32.036568   -100 -100.00 -100.00 -100.00
  57   173.853 55222.81474868 43.91  71.047180  32.040677   -100 -100.00 -100.00 -100.00
  57   173.760 55222.81474927 43.81  71.048500  32.038281   -100 -100.00 -100.00 -100.00
  57   173.937 55222.81474986 46.01  71.049819  32.035884   -100 -100.00 -100.00 -100.00
  58   174.352 55232.73039584 43.25  71.046629  32.040943 31.809 -100.00 -100.00 -100.00
  58   174.051 55232.73039643 43.77  71.047950  32.038547   -100 -100.00 -100.00 -100.00
  58   173.907 55232.73039702 44.37  71.049269  32.036150   -100 -100.00 -100.00 -100.00
  59   174.126 55242.64604045 31.30  71.047745  32.038673   -100 -100.00 -100.00 -100.00
  59   174.334 55242.64604104 29.55  71.049065  32.036276 27.093 -100.00 -100.00 -100.00
  60   174.429 55252.56168127 32.16  71.046504  32.037908 26.368 -100.00 -100.00 -100.00
  60   174.003 55252.56168186 34.38  71.047824  32.035512   -100 -100.00 -100.00 -100.00
  60   174.179 55252.56168245 30.61  71.049144  32.033116 28.474 -100.00 -100.00 -100.00
  61   174.433 55262.47731987 38.53  71.044584  32.038225   -100 -100.00 -100.00 -100.00
  61   174.405 55262.47732046 40.78  71.045904  32.035829   -100 -100.00 -100.00 -100.00
  61   174.359 55262.47732105 43.88  71.047224  32.033433   -100 -100.00 -100.00 -100.00
  61   174.309 55262.47732164 45.32  71.048544  32.031036  5.733 -100.00 -100.00 -100.00
  61   174.270 55262.47732223 46.24  71.049864  32.028640 17.078 -100.00 -100.00 -100.00
  61   174.268 55262.47732282 47.30  71.051184  32.026244 11.166 -100.00 -100.00 -100.00
  62   174.464 55272.39295788 40.61  71.045035  32.038857   -100 -100.00 -100.00 -100.00
  62   174.297 55272.39295847 42.67  71.046355  32.036461   -100 -100.00 -100.00 -100.00
  62   174.031 55272.39295906 43.57  71.047675  32.034064   -100 -100.00 -100.00 -100.00
  62   174.014 55272.39295965 46.22  71.048995  32.031668   -100 -100.00 -100.00 -100.00
  62   173.954 55272.39296024 47.35  71.050315  32.029272  8.095 -100.00 -100.00 -100.00
  63   174.509 55282.30859612 47.16  71.047853  32.039011   -100 -100.00 -100.00 -100.00
  63   174.344 55282.30859671 48.29  71.049173  32.036615  3.638 -100.00 -100.00 -100.00
  64   174.040 55292.22423252 46.06  71.049693  32.042216   -100 -100.00 -100.00 -100.00
  64   174.300 55292.22423311 47.28  71.051013  32.039820   -100 -100.00 -100.00 -100.00
  64   174.641 55292.22423370 48.11  71.052333  32.037424 24.071 -100.00 -100.00 -100.00
  65   175.068 55302.13986716 40.54  71.050355  32.046414   -100 -100.00 -100.00 -100.00
  65   174.711 55302.13986775 45.22  71.051676  32.044018   -100 -100.00 -100.00 -100.00
  65   174.979 55302.13986834 47.25  71.052996  32.041622   -100 -100.00 -100.00 -100.00
  65   174.686 55302.13986893 48.18  71.054316  32.039225  0.525 -100.00 -100.00 -100.00
  66   175.062 55312.05551564 47.08  71.049131  32.043793   -100 -100.00 -100.00 -100.00
  66   175.282 55312.05551623 48.34  71.050451  32.041397   -100 -100.00 -100.00 -100.00
  66   175.151 55312.05551682 49.72  71.051772  32.039001   -100 -100.00 -100.00 -100.00
  67   175.117 55321.97116138 45.87  71.048144  32.042091   -100 -100.00 -100.00 -100.00
  67   175.003 55321.97116197 49.26  71.049465  32.039695   -100 -100.00 -100.00 -100.00
  67   175.132 55321.97116256 49.18  71.050785  32.037299   -100 -100.00 -100.00 -100.00
  68   175.579 55331.88680553 48.40  71.047858  32.041352   -100 -100.00 -100.00 -100.00
  68   175.174 55331.88680612 51.51  71.049179  32.038956 17.884 -100.00 -100.00 -100.00
  68   175.223 55331.88680671 53.33  71.050499  32.036560 23.878 -100.00 -100.00 -100.00
  69   175.479 55341.80244964 50.45  71.048751  32.040617  9.021 -100.00 -100.00 -100.00
  69   175.496 55341.80245023 51.99  71.050071  32.038221 16.577 -100.00 -100.00 -100.00
  70   176.185 55351.71809312 47.07  71.049522  32.041618   -100 -100.00 -100.00 -100.00
  70   175.963 55351.71809371 47.26  71.050842  32.039222  4.295 -100.00 -100.00 -100.00
  71   175.995 55361.63373440 50.41  71.050344  32.042781  2.869 -100.00 -100.00 -100.00
  71   176.066 55361.63373499 50.89  71.051664  32.040385   -100 -100.00 -100.00 -100.00
  71   176.049 55361.63373558 52.36  71.052984  32.037989  8.538 -100.00 -100.00 -100.00
  72   176.449 55371.54937322 47.23  71.049578  32.045459   -100 -100.00 -100.00 -100.00
  72   176.561 55371.54937381 46.92  71.050898  32.043062   -100 -100.00 -100.00 -100.00
  72   176.639 55371.54937441 51.29  71.052218  32.040666  3.848 -100.00 -100.00 -100.00
  72   176.438 55371.54937500 50.31  71.053538  32.038270  1.216 -100.00 -100.00 -100.00
  73   176.735 55381.46501120 46.64  71.050013  32.046556   -100 -100.00 -100.00 -100.00
  73   176.695 55381.46501179 46.25  71.051333  32.044159   -100 -100.00 -100.00 -100.00
  73   176.689 55381.46501238 45.16  71.052654  32.041763   -100 -100.00 -100.00 -100.00
  73   176.674 55381.46501297 44.79  71.053974  32.039366   -100 -100.00 -100.00 -100.00
  77   177.416 55421.12758504 31.39  71.049515  32.046176  9.051 -100.00 -100.00 -100.00
  77   177.549 55421.12758563 31.53  71.050836  32.043779  7.541 -100.00 -100.00 -100.00
  77   177.105 55421.12758622 33.19  71.052156  32.041383 12.987 -100.00 -100.00 -100.00
  77   176.889 55421.12758681 34.42  71.053477  32.038987 12.355 -100.00 -100.00 -100.00
  78   176.705 55431.04323316 39.80  71.048930  32.040394 22.168 -100.00 -100.00 -100.00
  78   176.515 55431.04323375 40.37  71.050250  32.037998 26.771 -100.00 -100.00 -100.00
  79   176.455 55440.95887793 43.56  71.047348  32.038426   -100 -100.00 -100.00 -100.00
  79   176.368 55440.95887852 44.45  71.048668  32.036030   -100 -100.00 -100.00 -100.00
  80   175.530 55450.87452050 48.35  71.046570  32.039342   -100 -100.00 -100.00 -100.00
  80   175.392 55450.87452109 47.30  71.047890  32.036946   -100 -100.00 -100.00 -100.00
  81   175.334 55460.79016267 51.56  71.048075  32.039657 19.210 -100.00 -100.00 -100.00
  81   175.187 55460.79016326 47.48  71.049395  32.037261   -100 -100.00 -100.00 -100.00
  82   174.896 55470.70580337 49.19  71.049170  32.040924   -100 -100.00 -100.00 -100.00
  82   174.753 55470.70580396 50.17  71.050490  32.038527   -100 -100.00 -100.00 -100.00
  83   175.031 55480.62144084 41.28  71.049361  32.043074   -100 -100.00 -100.00 -100.00
  83   175.009 55480.62144143 43.23  71.050682  32.040678   -100 -100.00 -100.00 -100.00
  83   174.972 55480.62144202 46.42  71.052002  32.038281   -100 -100.00 -100.00 -100.00
  84   175.776 55490.53707596 41.12  71.049517  32.044958 20.403 -100.00 -100.00 -100.00
  84   175.235 55490.53707656 46.34  71.050838  32.042561 27.879 -100.00 -100.00 -100.00
  84   174.795 55490.53707715 52.68  71.052158  32.040164   -100 -100.00 -100.00 -100.00
  84   174.707 55490.53707774 49.85  71.053479  32.037768   -100 -100.00 -100.00 -100.00
  85   174.650 55500.45270927 37.15  71.050637  32.047135 26.756 -100.00 -100.00 -100.00
  85   174.943 55500.45270986 40.12  71.051958  32.044739 23.395 -100.00 -100.00 -100.00
  85   174.525 55500.45271045 44.07  71.053279  32.042342   -100 -100.00 -100.00 -100.00
  85   174.180 55500.45271104 43.40  71.054599  32.039946  2.432 -100.00 -100.00 -100.00
  87   175.664 55520.28400206 43.23  71.050692  32.045324 17.412 -100.00 -100.00 -100.00
  87   174.792 55520.28400265 47.39  71.052012  32.042928   -100 -100.00 -100.00 -100.00
  87   174.635 55520.28400324 49.72  71.053332  32.040531  0.667 -100.00 -100.00 -100.00
  87   174.562 55520.28400383 54.63  71.054653  32.038134   -100 -100.00 -100.00 -100.00
  88   174.826 55530.19965135 43.96  71.050087  32.044413 27.271 -100.00 -100.00 -100.00
  88   174.508 55530.19965194 48.09  71.051407  32.042016   -100 -100.00 -100.00 -100.00
  88   174.381 55530.19965253 52.54  71.052727  32.039620 21.610 -100.00 -100.00 -100.00
  89   174.410 55540.11529886 43.23  71.049191  32.043715   -100 -100.00 -100.00 -100.00
  89   174.381 55540.11529945 45.45  71.050511  32.041319   -100 -100.00 -100.00 -100.00
  89   174.243 55540.11530004 47.59  71.051831  32.038923  1.488 -100.00 -100.00 -100.00
  90   175.104 55550.03094420 46.43  71.048671  32.042643 21.103 -100.00 -100.00 -100.00
  90   174.164 55550.03094479 50.52  71.049991  32.040247 10.909 -100.00 -100.00 -100.00
  90   174.391 55550.03094538 50.88  71.051311  32.037850   -100 -100.00 -100.00 -100.00
  91   173.574 55559.94658780 45.14  71.048491  32.041251   -100 -100.00 -100.00 -100.00
  91   173.249 55559.94658839 48.46  71.049811  32.038855 12.780 -100.00 -100.00 -100.00
  91   173.195 55559.94658898 51.72  71.051131  32.036458   -100 -100.00 -100.00 -100.00
  92   173.987 55569.86222984 36.54  71.048396  32.042730 26.941 -100.00 -100.00 -100.00
  92   173.381 55569.86223043 39.96  71.049717  32.040334   -100 -100.00 -100.00 -100.00
  92   173.337 55569.86223102 44.19  71.051037  32.037937 12.857 -100.00 -100.00 -100.00
  93   173.519 55579.77787114 41.20  71.049775  32.042907   -100 -100.00 -100.00 -100.00
  93   173.611 55579.77787173 45.49  71.051095  32.040511   -100 -100.00 -100.00 -100.00
  93   173.279 55579.77787232 49.55  71.052415  32.038114 15.641 -100.00 -100.00 -100.00
  94   173.964 55589.69350939 40.33  71.050112  32.044320 26.909 -100.00 -100.00 -100.00
  94   174.508 55589.69350998 44.31  71.051433  32.041923 18.493 -100.00 -100.00 -100.00
  94   173.689 55589.69351057 49.73  71.052753  32.039527   -100 -100.00 -100.00 -100.00
  95   174.476 55599.60914466 37.67  71.050608  32.045277 32.567 -100.00 -100.00 -100.00
  95   174.562 55599.60914525 37.42  71.051928  32.042881   -100 -100.00 -100.00 -100.00
  95   174.675 55599.60914584 39.45  71.053249  32.040485   -100 -100.00 -100.00 -100.00
  95   174.504 55599.60914643 39.29  71.054569  32.038088   -100 -100.00 -100.00 -100.00
  96   174.622 55609.52477740 38.85  71.050268  32.047506   -100 -100.00 -100.00 -100.00
  96   174.558 55609.52477799 39.76  71.051588  32.045110   -100 -100.00 -100.00 -100.00
  96   174.670 55609.52477858 41.91  71.052909  32.042714   -100 -100.00 -100.00 -100.00
  96   174.638 55609.52477917 42.94  71.054229  32.040318   -100 -100.00 -100.00 -100.00
  99   174.299 55639.27171109 29.93  71.051238  32.045296 32.273 -100.00 -100.00 -100.00
  99   174.353 55639.27171168 26.79  71.052558  32.042900 22.354 -100.00 -100.00 -100.00
  99   174.220 55639.27171227 26.46  71.053878  32.040503 22.638 -100.00 -100.00 -100.00
 100   174.734 55649.18736003 42.13  71.049551  32.045799 26.560 -100.00 -100.00 -100.00
 100   174.998 55649.18736062 44.30  71.050871  32.043403 24.581 -100.00 -100.00 -100.00
 100   174.492 55649.18736121 49.20  71.052191  32.041006   -100 -100.00 -100.00 -100.00
 100   174.326 55649.18736180 54.57  71.053511  32.038610   -100 -100.00 -100.00 -100.00
 101   175.041 55659.10300654 45.52  71.048715  32.042454 25.169 -100.00 -100.00 -100.00
 101   174.379 55659.10300713 48.44  71.050035  32.040058   -100 -100.00 -100.00 -100.00
 101   174.153 55659.10300772 51.21  71.051356  32.037662 26.645 -100.00 -100.00 -100.00
 102   173.940 55669.01864867 44.08  71.047399  32.041170   -100 -100.00 -100.00 -100.00
 102   174.071 55669.01864926 48.37  71.048719  32.038774   -100 -100.00 -100.00 -100.00
 102   173.773 55669.01864985 50.68  71.050039  32.036378 22.960 -100.00 -100.00 -100.00
 103   174.770 55678.93428854 34.21  71.048843  32.039838 21.218 -100.00 -100.00 -100.00
 103   174.932 55678.93428913 36.38  71.050163  32.037442 27.272 -100.00 -100.00 -100.00
 104   176.075 55688.84992515 45.36  71.050181  32.043967 24.125 -100.00 -100.00 -100.00
 104   175.387 55688.84992574 50.73  71.051501  32.041571  3.878 -100.00 -100.00 -100.00
 104   175.537 55688.84992633 48.90  71.052821  32.039175   -100 -100.00 -100.00 -100.00
 108   176.499 55728.51249555 46.37  71.049560  32.046355   -100 -100.00 -100.00 -100.00
 108   176.456 55728.51249614 48.31  71.050881  32.043959   -100 -100.00 -100.00 -100.00
 108   176.345 55728.51249673 50.59  71.052201  32.041562   -100 -100.00 -100.00 -100.00
 108   176.210 55728.51249732 46.20  71.053521  32.039166   -100 -100.00 -100.00 -100.00
 109   176.690 55738.42814286 45.33  71.049884  32.043631   -100 -100.00 -100.00 -100.00
 109   176.621 55738.42814345 45.45  71.051204  32.041235   -100 -100.00 -100.00 -100.00
 109   176.538 55738.42814404 46.66  71.052524  32.038838   -100 -100.00 -100.00 -100.00
 110   176.929 55748.34378834 48.05  71.049510  32.044220   -100 -100.00 -100.00 -100.00
 110   176.672 55748.34378894 51.41  71.050830  32.041823   -100 -100.00 -100.00 -100.00
 110   176.744 55748.34378953 49.91  71.052151  32.039427   -100 -100.00 -100.00 -100.00
 111   176.168 55758.25943210 30.78  71.050362  32.043306 13.579 -100.00 -100.00 -100.00
 111   175.959 55758.25943269 33.48  71.051683  32.040909 20.626 -100.00 -100.00 -100.00
 111   176.141 55758.25943328 35.51  71.053003  32.038513 23.714 -100.00 -100.00 -100.00
 112   176.260 55768.17507267 46.51  71.050077  32.044051   -100 -100.00 -100.00 -100.00
 112   176.331 55768.17507326 45.42  71.051398  32.041654   -100 -100.00 -100.00 -100.00
 112   176.327 55768.17507385 47.22  71.052718  32.039258   -100 -100.00 -100.00 -100.00
 113   176.716 55778.09071010 15.77  71.049328  32.044691  4.267 -100.00 -100.00 -100.00
 113   176.559 55778.09071069 15.32  71.050648  32.042294  4.001 -100.00 -100.00 -100.00
 113   176.603 55778.09071128 15.08  71.051969  32.039898  4.167 -100.00 -100.00 -100.00
 113   176.428 55778.09071187 15.40  71.053289  32.037502  4.536 -100.00 -100.00 -100.00
 114   176.464 55788.00634488 46.52  71.049389  32.045248   -100 -100.00 -100.00 -100.00
 114   176.454 55788.00634547 50.10  71.050710  32.042852   -100 -100.00 -100.00 -100.00
 114   176.461 55788.00634606 50.54  71.052030  32.040456   -100 -100.00 -100.00 -100.00
 114   176.137 55788.00634665 52.54  71.053351  32.038059   -100 -100.00 -100.00 -100.00
 120   175.154 55847.50019305 43.31  71.051292  32.045630 28.480 -100.00 -100.00 -100.00
 120   174.826 55847.50019364 47.55  71.052613  32.043233   -100 -100.00 -100.00 -100.00
 120   174.723 55847.50019423 48.63  71.053934  32.040837   -100 -100.00 -100.00 -100.00
 120   174.689 55847.50019482 51.87  71.055254  32.038440   -100 -100.00 -100.00 -100.00
 128   173.320 55926.82534677 41.44  71.050095  32.045513   -100 -100.00 -100.00 -100.00
 128   173.228 55926.82534736 43.63  71.051416  32.043116   -100 -100.00 -100.00 -100.00
 128   173.329 55926.82534795 46.82  71.052736  32.040720   -100 -100.00 -100.00 -100.00
 128   173.001 55926.82534854 48.67  71.054056  32.038323 12.172 -100.00 -100.00 -100.00
 129   173.162 55936.74099696 40.40  71.050187  32.043529   -100 -100.00 -100.00 -100.00
 129   173.144 55936.74099755 43.63  71.051507  32.041133   -100 -100.00 -100.00 -100.00
 129   173.150 55936.74099814 45.86  71.052827  32.038736   -100 -100.00 -100.00 -100.00
 130   173.651 55946.65664212 44.63  71.049440  32.041926   -100 -100.00 -100.00 -100.00
 130   173.485 55946.65664271 47.54  71.050761  32.039530   -100 -100.00 -100.00 -100.00
 130   173.705 55946.65664330 49.69  71.052081  32.037133   -100 -100.00 -100.00 -100.00
 131   174.437 55956.57228231 42.25  71.047631  32.042180 26.931 -100.00 -100.00 -100.00
 131   173.894 55956.57228290 46.60  71.048952  32.039784   -100 -100.00 -100.00 -100.00
 131   173.731 55956.57228349 49.78  71.050272  32.037388  6.634 -100.00 -100.00 -100.00
 132   174.803 55966.48792101 47.29  71.048537  32.039470   -100 -100.00 -100.00 -100.00
 132   174.815 55966.48792160 49.87  71.049858  32.037074   -100 -100.00 -100.00 -100.00
 133   174.846 55976.40355808 44.05  71.049315  32.041129   -100 -100.00 -100.00 -100.00
 133   174.756 55976.40355867 47.98  71.050635  32.038733   -100 -100.00 -100.00 -100.00
 134   174.665 55986.31919374 43.58  71.050248  32.046962   -100 -100.00 -100.00 -100.00
 134   174.459 55986.31919433 45.54  71.051568  32.044566   -100 -100.00 -100.00 -100.00
 134   174.376 55986.31919492 47.72  71.052889  32.042170  9.091 -100.00 -100.00 -100.00
 134   174.289 55986.31919551 48.72  71.054209  32.039774 10.474 -100.00 -100.00 -100.00
 137   173.522 56016.06613181 44.23  71.049903  32.043083   -100 -100.00 -100.00 -100.00
 137   173.720 56016.06613240 47.84  71.051224  32.040687   -100 -100.00 -100.00 -100.00
 137   173.501 56016.06613299 48.49  71.052544  32.038291   -100 -100.00 -100.00 -100.00
 138   174.654 56025.98177677 44.02  71.047237  32.041367   -100 -100.00 -100.00 -100.00
 138   174.526 56025.98177736 45.87  71.048557  32.038971   -100 -100.00 -100.00 -100.00
 138   174.385 56025.98177795 47.65  71.049877  32.036575   -100 -100.00 -100.00 -100.00
 139   174.541 56035.89741981 44.38  71.047230  32.040408   -100 -100.00 -100.00 -100.00
 139   174.448 56035.89742040 46.75  71.048550  32.038012   -100 -100.00 -100.00 -100.00
 140   175.132 56045.81306033 44.66  71.049602  32.042238   -100 -100.00 -100.00 -100.00
 140   175.140 56045.81306092 48.61  71.050922  32.039842   -100 -100.00 -100.00 -100.00
 140   174.853 56045.81306151 52.00  71.052242  32.037446 19.616 -100.00 -100.00 -100.00
 144   175.861 56085.47562635 44.72  71.050632  32.044259   -100 -100.00 -100.00 -100.00
 144   175.901 56085.47562694 44.40  71.051952  32.041863   -100 -100.00 -100.00 -100.00
 144   175.590 56085.47562753 47.37  71.053272  32.039466   -100 -100.00 -100.00 -100.00
 145   175.951 56095.39127374 47.72  71.050123  32.041993   -100 -100.00 -100.00 -100.00
 145   175.620 56095.39127433 49.13  71.051443  32.039596  4.488 -100.00 -100.00 -100.00
 145   175.760 56095.39127492 51.65  71.052763  32.037200 11.489 -100.00 -100.00 -100.00
 146   176.512 56105.30691842 47.68  71.049853  32.043508   -100 -100.00 -100.00 -100.00
 146   176.368 56105.30691901 46.57  71.051173  32.041111   -100 -100.00 -100.00 -100.00
 146   176.543 56105.30691960 47.82  71.052493  32.038715   -100 -100.00 -100.00 -100.00
 147   176.397 56115.22254889 37.13  71.050305  32.044276   -100 -100.00 -100.00 -100.00
 147   176.669 56115.22254948 37.69  71.051626  32.041879   -100 -100.00 -100.00 -100.00
 147   176.556 56115.22255007 36.60  71.052946  32.039483 31.225 -100.00 -100.00 -100.00
 148   176.519 56125.13818725 48.02  71.051184  32.044654   -100 -100.00 -100.00 -100.00
 148   176.454 56125.13818784 51.22  71.052505  32.042258   -100 -100.00 -100.00 -100.00
 148   176.556 56125.13818843 51.75  71.053825  32.039862   -100 -100.00 -100.00 -100.00
 149   176.575 56135.05382136 49.93  71.051388  32.045831   -100 -100.00 -100.00 -100.00
 149   176.787 56135.05382195 51.61  71.052708  32.043434   -100 -100.00 -100.00 -100.00
 149   176.570 56135.05382254 53.72  71.054029  32.041038   -100 -100.00 -100.00 -100.00
 150   176.450 56144.96946256 49.69  71.050421  32.045490   -100 -100.00 -100.00 -100.00
 150   176.234 56144.96946315 52.03  71.051742  32.043093  6.928 -100.00 -100.00 -100.00
 150   176.436 56144.96946374 52.74  71.053062  32.040697   -100 -100.00 -100.00 -100.00
 150   176.435 56144.96946433 51.33  71.054382  32.038301   -100 -100.00 -100.00 -100.00
 151   175.898 56154.88511291 49.07  71.050089  32.042017   -100 -100.00 -100.00 -100.00
 151   175.979 56154.88511350 51.67  71.051410  32.039621  9.319 -100.00 -100.00 -100.00
 151   176.041 56154.88511409 51.80  71.052730  32.037224  1.382 -100.00 -100.00 -100.00
 152   225.593 56164.80076142 19.15  71.050024  32.041929 10.031 -100.00 -100.00 -100.00
 152   224.861 56164.80076201 22.19  71.051344  32.039532 22.058 -100.00 -100.00 -100.00
 152   226.095 56164.80076260 15.44  71.052664  32.037136 22.907 -100.00 -100.00 -100.00
 153   226.279 56174.71640757 27.59  71.050445  32.042972 16.372 -100.00 -100.00 -100.00
 153   226.903 56174.71640816 26.08  71.051765  32.040575 28.293 -100.00 -100.00 -100.00
 153   225.179 56174.71640875 26.67  71.053085  32.038179 28.767 -100.00 -100.00 -100.00
 154   176.213 56184.63204847 48.69  71.050813  32.044642   -100 -100.00 -100.00 -100.00
 154   176.066 56184.63204906 48.74  71.052134  32.042246   -100 -100.00 -100.00 -100.00
 154   175.935 56184.63204965 47.53  71.053454  32.039849   -100 -100.00 -100.00 -100.00
 155   175.840 56194.54768555 46.02  71.049891  32.046223 26.398 -100.00 -100.00 -100.00
 155   175.401 56194.54768614 49.04  71.051211  32.043827   -100 -100.00 -100.00 -100.00
 155   175.052 56194.54768674 53.62  71.052532  32.041430 30.721 -100.00 -100.00 -100.00
 155   175.192 56194.54768733 49.17  71.053853  32.039033   -100 -100.00 -100.00 -100.00
 156   175.134 56204.46332060 48.54  71.050418  32.045313   -100 -100.00 -100.00 -100.00
 156   174.992 56204.46332119 50.63  71.051739  32.042916  0.633 -100.00 -100.00 -100.00
 156   174.708 56204.46332178 50.67  71.053059  32.040520 20.971 -100.00 -100.00 -100.00
 156   174.693 56204.46332237 51.83  71.054380  32.038123 24.823 -100.00 -100.00 -100.00
 161   174.815 56254.04154571 44.47  71.050266  32.046773   -100 -100.00 -100.00 -100.00
 161   174.773 56254.04154630 46.69  71.051587  32.044376   -100 -100.00 -100.00 -100.00
 161   174.700 56254.04154689 51.10  71.052907  32.041980 26.471 -100.00 -100.00 -100.00
 161   174.696 56254.04154748 44.97  71.054227  32.039583   -100 -100.00 -100.00 -100.00
 162   175.073 56263.95718909 47.85  71.050001  32.044035   -100 -100.00 -100.00 -100.00
 162   174.585 56263.95718968 54.09  71.051321  32.041638 31.141 -100.00 -100.00 -100.00
 162   174.615 56263.95719027 51.71  71.052642  32.039242 13.678 -100.00 -100.00 -100.00
 163   174.219 56273.87283015 46.78  71.050313  32.043241   -100 -100.00 -100.00 -100.00
 163   173.958 56273.87283074 50.42  71.051633  32.040844 27.154 -100.00 -100.00 -100.00
 163   174.135 56273.87283133 42.28  71.052953  32.038448   -100 -100.00 -100.00 -100.00
 164   174.516 56283.78847334 44.69  71.049613  32.045448 30.234 -100.00 -100.00 -100.00
 164   174.179 56283.78847393 50.22  71.050934  32.043052   -100 -100.00 -100.00 -100.00
 164   174.009 56283.78847452 54.05  71.052254  32.040655 25.684 -100.00 -100.00 -100.00
 164   173.973 56283.78847511 49.14  71.053574  32.038259  6.453 -100.00 -100.00 -100.00
 165   173.386 56293.70412470 43.62  71.048973  32.043862   -100 -100.00 -100.00 -100.00
 165   172.963 56293.70412529 46.02  71.050294  32.041466  2.489 -100.00 -100.00 -100.00
 165   173.058 56293.70412588 44.71  71.051614  32.039069   -100 -100.00 -100.00 -100.00
 166   174.532 56303.61977184 45.74  71.048081  32.041632 29.320 -100.00 -100.00 -100.00
 166   174.242 56303.61977243 50.91  71.049401  32.039236   -100 -100.00 -100.00 -100.00
 166   173.962 56303.61977302 51.14  71.050722  32.036839   -100 -100.00 -100.00 -100.00
 167   174.595 56313.53541499 47.88  71.047335  32.039710   -100 -100.00 -100.00 -100.00
 167   174.123 56313.53541558 51.11  71.048655  32.037314 23.949 -100.00 -100.00 -100.00
 168   174.765 56323.45105599 48.61  71.047109  32.039708   -100 -100.00 -100.00 -100.00
 168   174.588 56323.45105658 51.79  71.048429  32.037311  1.242 -100.00 -100.00 -100.00
 169   175.220 56333.36669652 47.89  71.048339  32.040787   -100 -100.00 -100.00 -100.00
 169   174.881 56333.36669711 51.81  71.049660  32.038390   -100 -100.00 -100.00 -100.00
 170   174.982 56343.28233630 49.83  71.049749  32.043404   -100 -100.00 -100.00 -100.00
 170   174.927 56343.28233689 53.84  71.051069  32.041008  6.084 -100.00 -100.00 -100.00
 170   174.881 56343.28233749 48.18  71.052389  32.038612   -100 -100.00 -100.00 -100.00
 171   175.729 56353.19797365 45.79  71.051024  32.046767   -100 -100.00 -100.00 -100.00
 171   175.483 56353.19797424 45.98  71.052344  32.044371   -100 -100.00 -100.00 -100.00
 172   175.321 56363.11361675 46.80  71.051540  32.045368 29.608 -100.00 -100.00 -100.00
 172   174.854 56363.11361734 47.57  71.052860  32.042972   -100 -100.00 -100.00 -100.00
 172   174.827 56363.11361793 52.27  71.054181  32.040575  6.137 -100.00 -100.00 -100.00
 173   174.842 56373.02926642 48.00  71.049161  32.042896   -100 -100.00 -100.00 -100.00
 173   174.732 56373.02926701 52.78  71.050481  32.040500  0.498 -100.00 -100.00 -100.00
 173   174.624 56373.02926760 55.07  71.051801  32.038104 27.271 -100.00 -100.00 -100.00
 175   174.908 56392.86055749 50.02  71.048131  32.039176   -100 -100.00 -100.00 -100.00
 175   174.699 56392.86055809 54.13  71.049451  32.036780   -100 -100.00 -100.00 -100.00
 176   175.188 56402.77619919 46.64  71.048776  32.042321   -100 -100.00 -100.00 -100.00
 176   174.720 56402.77619978 52.81  71.050096  32.039925 22.449 -100.00 -100.00 -100.00
 176   174.956 56402.77620037 53.06  71.051416  32.037528  3.235 -100.00 -100.00 -100.00
 177   175.493 56412.69183827 49.82  71.050787  32.044652   -100 -100.00 -100.00 -100.00
 177   175.469 56412.69183886 45.98  71.052107  32.042256   -100 -100.00 -100.00 -100.00
 177   175.363 56412.69183945 50.92  71.053427  32.039860   -100 -100.00 -100.00 -100.00
 180   176.219 56442.43876676 46.99  71.049340  32.044886 31.608 -100.00 -100.00 -100.00
 180   176.031 56442.43876735 48.30  71.050660  32.042490   -100 -100.00 -100.00 -100.00
 180   175.891 56442.43876794 48.44  71.051981  32.040093   -100 -100.00 -100.00 -100.00
 180   176.024 56442.43876853 51.87  71.053301  32.037697   -100 -100.00 -100.00 -100.00
 181   176.243 56452.35441773 49.96  71.048966  32.040304   -100 -100.00 -100.00 -100.00
 181   176.057 56452.35441832 51.73  71.050286  32.037908  5.178 -100.00 -100.00 -100.00
 182   176.636 56462.27006509 47.72  71.047419  32.041435   -100 -100.00 -100.00 -100.00
 182   176.363 56462.27006568 48.89  71.048739  32.039039   -100 -100.00 -100.00 -100.00
 182   176.391 56462.27006627 47.45  71.050059  32.036643   -100 -100.00 -100.00 -100.00
 183   176.156 56472.18570990 48.94  71.048062  32.039745   -100 -100.00 -100.00 -100.00
 183   176.159 56472.18571049 52.02  71.049382  32.037348 14.284 -100.00 -100.00 -100.00
 184   176.388 56482.10135074 30.70  71.048068  32.040273 25.039 -100.00 -100.00 -100.00
 184   176.270 56482.10135133 30.30  71.049388  32.037877 25.560 -100.00 -100.00 -100.00
 185   176.367 56492.01698741 43.42  71.047857  32.042379   -100 -100.00 -100.00 -100.00
 185   176.387 56492.01698800 44.41  71.049177  32.039983   -100 -100.00 -100.00 -100.00
 185   176.333 56492.01698859 42.68  71.050498  32.037587   -100 -100.00 -100.00 -100.00
 186   176.126 56501.93262171 48.82  71.050017  32.043658   -100 -100.00 -100.00 -100.00
 186   175.924 56501.93262230 53.04  71.051338  32.041262  5.861 -100.00 -100.00 -100.00
 186   175.694 56501.93262289 54.26  71.052658  32.038866   -100 -100.00 -100.00 -100.00
 191   174.908 56551.51084624 36.82  71.050081  32.041416 27.062 -100.00 -100.00 -100.00
 191   175.049 56551.51084683 37.07  71.051402  32.039019 23.858 -100.00 -100.00 -100.00
 192   175.101 56561.42648891 48.86  71.049565  32.041255   -100 -100.00 -100.00 -100.00
 192   175.069 56561.42648950 51.18  71.050886  32.038858   -100 -100.00 -100.00 -100.00
 193   175.060 56571.34213017 46.74  71.049430  32.043806   -100 -100.00 -100.00 -100.00
 193   175.079 56571.34213076 51.91  71.050750  32.041410   -100 -100.00 -100.00 -100.00
 193   174.852 56571.34213135 55.28  71.052071  32.039013 31.847 -100.00 -100.00 -100.00
 194   175.169 56581.25777000 42.75  71.050753  32.046719 23.888 -100.00 -100.00 -100.00
 194   174.797 56581.25777059 47.27  71.052073  32.044323   -100 -100.00 -100.00 -100.00
 194   174.556 56581.25777118 45.34  71.053393  32.041926   -100 -100.00 -100.00 -100.00
 194   174.846 56581.25777177 48.00  71.054714  32.039529   -100 -100.00 -100.00 -100.00
 197   174.575 56611.00470549 44.89  71.050773  32.044138 29.879 -100.00 -100.00 -100.00
 197   174.312 56611.00470608 44.57  71.052093  32.041742   -100 -100.00 -100.00 -100.00
 197   174.324 56611.00470667 46.07  71.053413  32.039345   -100 -100.00 -100.00 -100.00
 198   174.804 56620.92035105 47.93  71.050029  32.042739 31.226 -100.00 -100.00 -100.00
 198   174.333 56620.92035164 51.28  71.051349  32.040342 13.282 -100.00 -100.00 -100.00
 198   174.264 56620.92035223 53.85  71.052670  32.037946 30.851 -100.00 -100.00 -100.00
 199   174.356 56630.83599286 44.95  71.049408  32.044259   -100 -100.00 -100.00 -100.00
 199   174.189 56630.83599345 50.15  71.050728  32.041862  2.261 -100.00 -100.00 -100.00
 199   174.420 56630.83599404 49.51  71.052048  32.039466   -100 -100.00 -100.00 -100.00
 200   174.252 56640.75163114 44.95  71.051109  32.045101   -100 -100.00 -100.00 -100.00
 200   173.877 56640.75163173 45.90  71.052429  32.042705  0.819 -100.00 -100.00 -100.00
 200   174.134 56640.75163232 45.25  71.053750  32.040308   -100 -100.00 -100.00 -100.00
 201   174.614 56650.66727784 41.69  71.049806  32.045570 23.669 -100.00 -100.00 -100.00
 201   174.211 56650.66727843 46.21  71.051127  32.043174   -100 -100.00 -100.00 -100.00
 201   173.838 56650.66727902 46.23  71.052447  32.040777  8.847 -100.00 -100.00 -100.00
 201   174.064 56650.66727961 46.79  71.053768  32.038381   -100 -100.00 -100.00 -100.00
 202   174.442 56660.58292894 39.79  71.048762  32.041000 19.591 -100.00 -100.00 -100.00
 202   173.538 56660.58292953 44.05  71.050083  32.038604   -100 -100.00 -100.00 -100.00
 203   173.576 56670.49857593 38.28  71.046667  32.040601 29.962 -100.00 -100.00 -100.00
 203   173.322 56670.49857652 43.39  71.047988  32.038204   -100 -100.00 -100.00 -100.00
 203   173.165 56670.49857711 44.98  71.049308  32.035808  1.103 -100.00 -100.00 -100.00
 204   173.648 56680.41422132 41.16  71.047166  32.040207   -100 -100.00 -100.00 -100.00
 204   173.499 56680.41422191 44.75  71.048486  32.037811   -100 -100.00 -100.00 -100.00
 205   174.864 56690.32986461 46.12  71.048183  32.042411 28.628 -100.00 -100.00 -100.00
 205   174.378 56690.32986520 48.14  71.049503  32.040015   -100 -100.00 -100.00 -100.00
 205   174.442 56690.32986579 53.18  71.050823  32.037618  6.928 -100.00 -100.00 -100.00
 206   174.891 56700.24550505 44.91  71.050446  32.043464 29.155 -100.00 -100.00 -100.00
 206   174.408 56700.24550564 49.22  71.051766  32.041068  3.311 -100.00 -100.00 -100.00
 206   174.371 56700.24550623 47.71  71.053086  32.038671   -100 -100.00 -100.00 -100.00
 207   174.968 56710.16114041 43.96  71.051445  32.045758 29.444 -100.00 -100.00 -100.00
 207   174.608 56710.16114100 44.96  71.052765  32.043362   -100 -100.00 -100.00 -100.00
 207   174.598 56710.16114159 46.42  71.054085  32.040966   -100 -100.00 -100.00 -100.00
 208   174.752 56720.07678246 43.91  71.049664  32.046131 32.154 -100.00 -100.00 -100.00
 208   174.788 56720.07678305 47.78  71.050984  32.043735   -100 -100.00 -100.00 -100.00
 208   174.657 56720.07678364 48.74  71.052304  32.041339   -100 -100.00 -100.00 -100.00
 208   174.511 56720.07678423 48.92  71.053625  32.038943  5.491 -100.00 -100.00 -100.00
 210   174.500 56739.90808403 46.47  71.047419  32.040025   -100 -100.00 -100.00 -100.00
 210   174.286 56739.90808462 46.96  71.048739  32.037629   -100 -100.00 -100.00 -100.00
 211   174.143 56749.82372810 37.38  71.048877  32.040285   -100 -100.00 -100.00 -100.00
 211   174.205 56749.82372869 37.71  71.050197  32.037889   -100 -100.00 -100.00 -100.00
 212   174.662 56759.73936620 37.57  71.049618  32.045491 28.455 -100.00 -100.00 -100.00
 212   174.842 56759.73936679 39.91  71.050938  32.043095 29.867 -100.00 -100.00 -100.00
 212   175.043 56759.73936738 41.57  71.052258  32.040699   -100 -100.00 -100.00 -100.00
 212   174.658 56759.73936797 45.07  71.053578  32.038303   -100 -100.00 -100.00 -100.00
 214   176.232 56779.57064902 42.96  71.050396  32.045854 17.282 -100.00 -100.00 -100.00
 214   175.271 56779.57064961 47.35  71.051717  32.043458   -100 -100.00 -100.00 -100.00
 214   175.142 56779.57065020 48.87  71.053037  32.041062  3.997 -100.00 -100.00 -100.00
 214   175.060 56779.57065079 52.04  71.054357  32.038666 22.421 -100.00 -100.00 -100.00
 215   175.561 56789.48630522 31.61  71.048257  32.040507 28.401 -100.00 -100.00 -100.00
 215   175.726 56789.48630581 32.85  71.049577  32.038111 31.621 -100.00 -100.00 -100.00
 216   176.297 56799.40195751 47.95  71.045487  32.038759 26.622 -100.00 -100.00 -100.00
 216   175.915 56799.40195810 51.17  71.046807  32.036363   -100 -100.00 -100.00 -100.00
 216   175.734 56799.40195869 51.68  71.048127  32.033967   -100 -100.00 -100.00 -100.00
 216   175.531 56799.40195928 53.12  71.049447  32.031570 17.923 -100.00 -100.00 -100.00
 216   175.500 56799.40195988 53.00  71.050767  32.029174 22.579 -100.00 -100.00 -100.00
 217   175.606 56809.31760360 39.88  71.045416  32.038398 26.270 -100.00 -100.00 -100.00
 217   175.621 56809.31760419 42.94  71.046736  32.036002 28.669 -100.00 -100.00 -100.00
 217   175.469 56809.31760478 42.62  71.048056  32.033605   -100 -100.00 -100.00 -100.00
 217   175.260 56809.31760537 41.67  71.049376  32.031209   -100 -100.00 -100.00 -100.00
 217   175.291 56809.31760596 42.71  71.050696  32.028812   -100 -100.00 -100.00 -100.00
 218   175.797 56819.23324447 38.15  71.047089  32.038435 27.923 -100.00 -100.00 -100.00
 218   175.766 56819.23324506 40.04  71.048409  32.036039   -100 -100.00 -100.00 -100.00
 219   176.039 56829.14888091 22.84  71.047587  32.041192 10.931 -100.00 -100.00 -100.00
 219   176.863 56829.14888150 24.51  71.048907  32.038795 12.888 -100.00 -100.00 -100.00
 219   176.390 56829.14888209 26.24  71.050228  32.036399 18.574 -100.00 -100.00 -100.00
 221   176.119 56848.98014627 48.09  71.051022  32.044752   -100 -100.00 -100.00 -100.00
 221   176.166 56848.98014686 52.16  71.052343  32.042356  4.230 -100.00 -100.00 -100.00
 221   175.865 56848.98014745 51.04  71.053663  32.039959 13.722 -100.00 -100.00 -100.00
 222   176.073 56858.89580111 52.16  71.050137  32.041515   -100 -100.00 -100.00 -100.00
 222   175.879 56858.89580170 54.20  71.051457  32.039119 29.156 -100.00 -100.00 -100.00
 223   176.191 56868.81145424 52.51  71.049740  32.041496   -100 -100.00 -100.00 -100.00
 223   175.861 56868.81145483 54.43  71.051060  32.039099 32.477 -100.00 -100.00 -100.00
 224   176.569 56878.72710495 51.30  71.048870  32.042211   -100 -100.00 -100.00 -100.00
 224   176.130 56878.72710554 52.96  71.050190  32.039815 23.653 -100.00 -100.00 -100.00
 224   176.028 56878.72710613 47.33  71.051510  32.037418   -100 -100.00 -100.00 -100.00
 225   175.826 56888.64275273 50.01  71.047878  32.040594  3.147 -100.00 -100.00 -100.00
 225   176.051 56888.64275332 46.18  71.049198  32.038198   -100 -100.00 -100.00 -100.00
 226   175.769 56898.55839767 48.07  71.045642  32.039529   -100 -100.00 -100.00 -100.00
 226   175.757 56898.55839826 50.68  71.046962  32.037132   -100 -100.00 -100.00 -100.00
 226   175.714 56898.55839885 49.07  71.048283  32.034735   -100 -100.00 -100.00 -100.00
 226   175.798 56898.55839944 45.74  71.049603  32.032339   -100 -100.00 -100.00 -100.00
 227   175.247 56908.47404101 50.33  71.045943  32.036158   -100 -100.00 -100.00 -100.00
 227   175.271 56908.47404160 47.26  71.047264  32.033761   -100 -100.00 -100.00 -100.00
 227   175.006 56908.47404219 48.16  71.048584  32.031365   -100 -100.00 -100.00 -100.00
 227   175.117 56908.47404278 51.13  71.049904  32.028968  1.781 -100.00 -100.00 -100.00
 227   175.389 56908.47404337 51.36  71.051224  32.026571   -100 -100.00 -100.00 -100.00
 228   174.297 56918.38968175 45.61  71.046829  32.037708   -100 -100.00 -100.00 -100.00
 228   174.573 56918.38968234 47.21  71.048149  32.035312   -100 -100.00 -100.00 -100.00
 229   174.901 56928.30532049 48.56  71.049655  32.040794   -100 -100.00 -100.00 -100.00
 229   174.921 56928.30532108 50.48  71.050975  32.038397  4.902 -100.00 -100.00 -100.00
 232   174.245 56958.05224184 37.09  71.050914  32.045224 28.546 -100.00 -100.00 -100.00
 232   174.385 56958.05224244 38.67  71.052234  32.042827   -100 -100.00 -100.00 -100.00
 232   174.526 56958.05224303 40.95  71.053555  32.040431 30.401 -100.00 -100.00 -100.00
 233   174.535 56967.96789028 46.29  71.048626  32.042479   -100 -100.00 -100.00 -100.00
 233   174.285 56967.96789087 45.94  71.049946  32.040083   -100 -100.00 -100.00 -100.00
 233   174.245 56967.96789146 50.37  71.051266  32.037686 18.303 -100.00 -100.00 -100.00
 234   174.084 56977.88353459 47.06  71.049259  32.040840  4.197 -100.00 -100.00 -100.00
 234   174.313 56977.88353519 49.33  71.050580  32.038443   -100 -100.00 -100.00 -100.00
 235   174.108 56987.79917335 46.53  71.050084  32.044075   -100 -100.00 -100.00 -100.00
 235   173.944 56987.79917394 45.99  71.051405  32.041679   -100 -100.00 -100.00 -100.00
 235   173.960 56987.79917453 50.50  71.052725  32.039282 11.178 -100.00 -100.00 -100.00
 238   173.902 57017.54610762 41.67  71.049407  32.042308   -100 -100.00 -100.00 -100.00
 238   173.164 57017.54610821 47.49  71.050728  32.039912   -100 -100.00 -100.00 -100.00
 238   173.275 57017.54610880 48.46  71.052048  32.037515   -100 -100.00 -100.00 -100.00
 239   172.478 57027.46175796 37.02  71.047335  32.040433   -100 -100.00 -100.00 -100.00
 239   172.691 57027.46175855 41.18  71.048655  32.038037   -100 -100.00 -100.00 -100.00
 240   172.751 57037.37740680 39.17  71.047659  32.039453   -100 -100.00 -100.00 -100.00
 240   173.636 57037.37740739 42.12  71.048980  32.037056 21.888 -100.00 -100.00 -100.00
 241   173.211 57047.29305245 40.82  71.048020  32.042362   -100 -100.00 -100.00 -100.00
 241   173.433 57047.29305304 41.87  71.049340  32.039966   -100 -100.00 -100.00 -100.00
 241   173.791 57047.29305363 44.04  71.050660  32.037570 30.906 -100.00 -100.00 -100.00
 242   173.702 57057.20869469 43.32  71.049430  32.044679   -100 -100.00 -100.00 -100.00
 242   173.563 57057.20869528 46.40  71.050750  32.042282   -100 -100.00 -100.00 -100.00
 242   173.443 57057.20869587 48.46  71.052070  32.039886 11.572 -100.00 -100.00 -100.00
 242   173.710 57057.20869646 48.57  71.053391  32.037490   -100 -100.00 -100.00 -100.00
 243   173.915 57067.12433189 44.10  71.051011  32.044608   -100 -100.00 -100.00 -100.00
 243   174.111 57067.12433248 44.82  71.052332  32.042212   -100 -100.00 -100.00 -100.00
 243   174.113 57067.12433307 46.30  71.053652  32.039816   -100 -100.00 -100.00 -100.00
 244   174.511 57077.03996412 40.95  71.051122  32.046494   -100 -100.00 -100.00 -100.00
 244   174.604 57077.03996471 42.04  71.052443  32.044098   -100 -100.00 -100.00 -100.00
 244   174.614 57077.03996530 44.96  71.053763  32.041701   -100 -100.00 -100.00 -100.00
 246   173.907 57096.87125364 41.93  71.049972  32.046667   -100 -100.00 -100.00 -100.00
 246   174.046 57096.87125423 46.19  71.051292  32.044271   -100 -100.00 -100.00 -100.00
 246   173.990 57096.87125482 48.41  71.052612  32.041875  4.980 -100.00 -100.00 -100.00
 246   174.255 57096.87125541 48.54  71.053932  32.039479   -100 -100.00 -100.00 -100.00
 247   174.177 57106.78690959 41.30  71.049329  32.045243 29.240 -100.00 -100.00 -100.00
 247   173.872 57106.78691018 47.27  71.050649  32.042847   -100 -100.00 -100.00 -100.00
 247   173.745 57106.78691077 48.54  71.051969  32.040451 21.991 -100.00 -100.00 -100.00
 247   173.685 57106.78691136 50.67  71.053288  32.038055 27.110 -100.00 -100.00 -100.00
 248   174.987 57116.70256084 48.10  71.050470  32.043628   -100 -100.00 -100.00 -100.00
 248   175.013 57116.70256143 47.24  71.051790  32.041232   -100 -100.00 -100.00 -100.00
 248   175.050 57116.70256202 51.97  71.053109  32.038836 18.656 -100.00 -100.00 -100.00
 249   174.340 57126.61820513 42.80  71.049246  32.044780   -100 -100.00 -100.00 -100.00
 249   174.235 57126.61820572 46.21  71.050566  32.042384   -100 -100.00 -100.00 -100.00
 249   174.468 57126.61820631 49.18  71.051886  32.039988   -100 -100.00 -100.00 -100.00
 249   174.391 57126.61820690 50.52  71.053206  32.037591   -100 -100.00 -100.00 -100.00
 250   174.629 57136.53384479 47.98  71.049214  32.042984   -100 -100.00 -100.00 -100.00
 250   174.718 57136.53384538 48.46  71.050534  32.040587   -100 -100.00 -100.00 -100.00
 250   174.668 57136.53384597 51.85  71.051855  32.038191   -100 -100.00 -100.00 -100.00
 251   175.553 57146.44948005 43.84  71.049641  32.043913   -100 -100.00 -100.00 -100.00
 251   175.497 57146.44948064 44.95  71.050962  32.041517   -100 -100.00 -100.00 -100.00
 251   175.601 57146.44948123 45.69  71.052282  32.039121   -100 -100.00 -100.00 -100.00
 254   175.994 57176.19641251 31.23  71.049899  32.046945 14.324 -100.00 -100.00 -100.00
 254   175.989 57176.19641310 32.37  71.051219  32.044549 19.331 -100.00 -100.00 -100.00
 254   176.035 57176.19641369 33.30  71.052539  32.042152 18.766 -100.00 -100.00 -100.00
 254   176.105 57176.19641428 32.46  71.053859  32.039756 17.899 -100.00 -100.00 -100.00
 255   176.380 57186.11206645 39.07  71.049623  32.041472 17.367 -100.00 -100.00 -100.00
 255   176.223 57186.11206704 44.97  71.050943  32.039075   -100 -100.00 -100.00 -100.00
 256   176.262 57196.02771518 29.92  71.047537  32.040131 13.710 -100.00 -100.00 -100.00
 256   176.501 57196.02771577 30.80  71.048858  32.037735 14.105 -100.00 -100.00 -100.00
 257   175.967 57205.94335020 49.74  71.046914  32.038519   -100 -100.00 -100.00 -100.00
 257   175.999 57205.94335079 53.60  71.048234  32.036122 14.225 -100.00 -100.00 -100.00
 258   176.502 57215.85899485 45.96  71.047263  32.039484   -100 -100.00 -100.00 -100.00
 258   176.605 57215.85899544 49.55  71.048583  32.037088   -100 -100.00 -100.00 -100.00
 259   176.485 57225.77463827 51.79  71.049523  32.040635 28.086 -100.00 -100.00 -100.00
 259   176.608 57225.77463886 51.96  71.050844  32.038239   -100 -100.00 -100.00 -100.00
 260   176.268 57235.69027882 37.02  71.049930  32.045184 27.544 -100.00 -100.00 -100.00
 260   176.217 57235.69027941 37.10  71.051250  32.042788 29.052 -100.00 -100.00 -100.00
 260   176.120 57235.69028000 34.04  71.052570  32.040391 17.141 -100.00 -100.00 -100.00
 260   175.940 57235.69028059 36.36  71.053891  32.037995 26.425 -100.00 -100.00 -100.00
 261   176.210 57245.60591669 44.32  71.050866  32.046314   -100 -100.00 -100.00 -100.00
 261   176.064 57245.60591728 39.90  71.052187  32.043918   -100 -100.00 -100.00 -100.00
 261   176.012 57245.60591787 36.14  71.053507  32.041521 26.068 -100.00 -100.00 -100.00
 261   175.933 57245.60591846 35.25  71.054828  32.039125 23.257 -100.00 -100.00 -100.00
 267   174.467 57305.09979246 46.45  71.050402  32.043050   -100 -100.00 -100.00 -100.00
 267   174.449 57305.09979305 47.42  71.051723  32.040653   -100 -100.00 -100.00 -100.00
 267   174.409 57305.09979364 50.64  71.053043  32.038256  9.021 -100.00 -100.00 -100.00
 268   174.206 57315.01543943 45.26  71.047868  32.041339   -100 -100.00 -100.00 -100.00
 268   174.141 57315.01544002 46.22  71.049188  32.038942   -100 -100.00 -100.00 -100.00
 268   174.191 57315.01544061 47.57  71.050508  32.036546   -100 -100.00 -100.00 -100.00
 269   173.640 57324.93108325 38.43  71.046863  32.038832   -100 -100.00 -100.00 -100.00
 269   173.808 57324.93108384 44.49  71.048183  32.036435   -100 -100.00 -100.00 -100.00
 270   173.963 57334.84672415 42.95  71.046476  32.040721   -100 -100.00 -100.00 -100.00
 270   173.789 57334.84672474 46.65  71.047796  32.038325  1.578 -100.00 -100.00 -100.00
 270   174.065 57334.84672533 47.56  71.049117  32.035928   -100 -100.00 -100.00 -100.00
 271   174.059 57344.76236340 44.83  71.048973  32.041846   -100 -100.00 -100.00 -100.00
 271   174.057 57344.76236399 46.23  71.050294  32.039450   -100 -100.00 -100.00 -100.00
 271   174.184 57344.76236458 47.03  71.051614  32.037053   -100 -100.00 -100.00 -100.00
 272   174.019 57354.67801771 43.31  71.047978  32.039183   -100 -100.00 -100.00 -100.00
 272   174.197 57354.67801830 48.66  71.049298  32.036787   -100 -100.00 -100.00 -100.00
 273   174.193 57364.59366130 44.22  71.048278  32.039033   -100 -100.00 -100.00 -100.00
 273   174.026 57364.59366189 47.21  71.049599  32.036636   -100 -100.00 -100.00 -100.00
 274   173.760 57374.50930130 41.90  71.047918  32.040448   -100 -100.00 -100.00 -100.00
 274   173.914 57374.50930189 46.29  71.049239  32.038052   -100 -100.00 -100.00 -100.00
 275   173.722 57384.42493970 35.14  71.048386  32.042488   -100 -100.00 -100.00 -100.00
 275   173.980 57384.42494029 33.28  71.049707  32.040091 22.744 -100.00 -100.00 -100.00
 275   173.713 57384.42494088 35.00  71.051027  32.037694 32.092 -100.00 -100.00 -100.00
 276   173.308 57394.34057819 39.18  71.050628  32.043861   -100 -100.00 -100.00 -100.00
 276   173.465 57394.34057878 40.97  71.051949  32.041465   -100 -100.00 -100.00 -100.00
 276   173.284 57394.34057937 42.95  71.053269  32.039068   -100 -100.00 -100.00 -100.00
 279   173.992 57424.08751434 38.66  71.050597  32.046926   -100 -100.00 -100.00 -100.00
 279   173.871 57424.08751493 40.90  71.051917  32.044530   -100 -100.00 -100.00 -100.00
 279   173.706 57424.08751552 43.17  71.053237  32.042134   -100 -100.00 -100.00 -100.00
 279   174.001 57424.08751611 44.37  71.054558  32.039738   -100 -100.00 -100.00 -100.00
 280   174.110 57434.00316392 43.36  71.049279  32.042597   -100 -100.00 -100.00 -100.00
 280   174.146 57434.00316451 45.18  71.050599  32.040201   -100 -100.00 -100.00 -100.00
 280   174.179 57434.00316510 46.33  71.051919  32.037805   -100 -100.00 -100.00 -100.00
 281   174.402 57443.91881123 48.56  71.048874  32.039873  0.882 -100.00 -100.00 -100.00
 281   174.425 57443.91881182 47.41  71.050194  32.037477   -100 -100.00 -100.00 -100.00
 282   174.498 57453.83445666 45.41  71.048191  32.042201   -100 -100.00 -100.00 -100.00
 282   174.787 57453.83445725 48.35  71.049511  32.039804   -100 -100.00 -100.00 -100.00
 282   175.062 57453.83445784 48.49  71.050831  32.037408 32.161 -100.00 -100.00 -100.00
 283   174.709 57463.75010060 43.10  71.049541  32.043528   -100 -100.00 -100.00 -100.00
 283   174.667 57463.75010120 41.27  71.050861  32.041132   -100 -100.00 -100.00 -100.00
 283   174.614 57463.75010179 43.63  71.052181  32.038735   -100 -100.00 -100.00 -100.00
 284   174.382 57473.66574037 42.06  71.050444  32.047152   -100 -100.00 -100.00 -100.00
 284   174.510 57473.66574096 45.00  71.051764  32.044756   -100 -100.00 -100.00 -100.00
 284   174.417 57473.66574155 46.40  71.053084  32.042360   -100 -100.00 -100.00 -100.00
 284   174.388 57473.66574214 47.73  71.054404  32.039963   -100 -100.00 -100.00 -100.00
 289   175.905 57523.24395181 45.35  71.050312  32.045554 29.537 -100.00 -100.00 -100.00
 289   175.522 57523.24395240 50.87  71.051632  32.043158 11.759 -100.00 -100.00 -100.00
 289   175.586 57523.24395299 49.46  71.052953  32.040762  2.608 -100.00 -100.00 -100.00
 289   175.637 57523.24395358 51.63  71.054273  32.038365 11.707 -100.00 -100.00 -100.00
 290   175.737 57533.15960490 50.90  71.049193  32.043484  5.544 -100.00 -100.00 -100.00
 290   175.987 57533.15960549 48.06  71.050514  32.041088   -100 -100.00 -100.00 -100.00
 290   175.733 57533.15960608 51.00  71.051834  32.038692  9.405 -100.00 -100.00 -100.00
 291   175.847 57543.07525495 52.57  71.048471  32.040620 19.994 -100.00 -100.00 -100.00
 291   175.764 57543.07525554 55.72  71.049791  32.038224 13.011 -100.00 -100.00 -100.00
 292   175.791 57552.99090177 51.88  71.047869  32.039333 15.109 -100.00 -100.00 -100.00
 292   175.611 57552.99090236 53.69  71.049190  32.036936 19.963 -100.00 -100.00 -100.00
 293   175.778 57562.90654652 51.83  71.047808  32.039832 12.857 -100.00 -100.00 -100.00
 293   175.974 57562.90654711 47.23  71.049128  32.037436   -100 -100.00 -100.00 -100.00
 294   176.244 57572.82219054 47.17  71.048287  32.041098   -100 -100.00 -100.00 -100.00
 294   175.919 57572.82219113 48.70  71.049608  32.038702 22.168 -100.00 -100.00 -100.00
 294   176.036 57572.82219172 40.67  71.050928  32.036306   -100 -100.00 -100.00 -100.00
 295   175.615 57582.73783460 48.58  71.049402  32.041405   -100 -100.00 -100.00 -100.00
 295   175.676 57582.73783519 48.96  71.050722  32.039008  6.701 -100.00 -100.00 -100.00
 296   175.647 57592.65347615 45.37  71.049074  32.044345   -100 -100.00 -100.00 -100.00
 296   175.733 57592.65347674 44.47  71.050394  32.041949   -100 -100.00 -100.00 -100.00
 296   175.697 57592.65347733 45.88  71.051714  32.039553   -100 -100.00 -100.00 -100.00
 297   175.819 57602.56911625 43.98  71.050563  32.043112   -100 -100.00 -100.00 -100.00
 297   176.041 57602.56911684 40.59  71.051883  32.040715 28.431 -100.00 -100.00 -100.00
 297   175.933 57602.56911743 39.39  71.053203  32.038319 26.718 -100.00 -100.00 -100.00
